353650.005 -0.002573
353651.005 -0.001691
353652.005 0.335730
353653.005 0.775572
353654.005 1.134929
353655.005 1.365449
353656.005 1.488597
353657.005 1.600883
353658.005 1.869651
353659.005 2.074849
353660.005 2.074334
353661.005 1.972982
353662.005 1.879260
353663.005 1.823478
353664.005 1.887141
353665.005 1.930573
353666.005 1.864823
353667.005 1.812073
353668.005 1.769949
353669.005 1.336302
353670.005 1.110264
353671.005 0.984439
353672.005 1.029668
353673.005 1.084510
353674.005 1.162553
353675.005 1.333335
353676.005 1.550805
353677.005 2.032722
353678.005 2.419289
353679.005 2.532238
353680.005 2.731733
353681.005 2.918994
353682.005 3.036092
353683.005 3.166176
353684.005 3.473907
353685.005 3.646162
353686.005 3.828002
353687.005 4.056775
353688.005 3.972285
353689.005 3.758250
353690.005 3.519430
353691.005 2.929303
353692.005 2.153800
353693.005 1.917102
353694.005 1.746558
353695.005 1.722039
353696.005 2.060031
353697.005 2.600105
353698.005 3.035922
353699.005 3.231671
353700.005 3.465199
353701.005 3.477038
353702.005 3.498420
353703.005 3.591648
353704.005 3.454907
353705.005 3.185770
353706.005 2.668983
353707.005 2.137335
353708.005 1.958667
353709.005 1.754109
353710.005 1.626579
353711.005 1.760498
353712.005 2.729360
353713.005 3.908512
353714.005 4.296294
353715.005 4.545034
353716.005 4.837169
353717.005 5.149207
353718.005 5.544694
353719.005 5.877101
353720.005 6.002222
353721.005 5.844295
353722.005 5.788608
353723.005 6.094680
353724.005 6.138923
353725.005 5.928749
353726.005 5.812575
353727.005 5.811813
353728.005 5.898746
353729.005 6.045580
353730.005 6.146340
353731.005 6.222932
353732.005 6.316314
353733.005 6.378034
353734.005 6.442909
353735.005 6.610187
353736.005 6.645297
353737.005 6.742189
353738.005 6.823089
353739.005 6.826542
353740.005 6.829346
353741.005 6.871003
353742.005 6.840808
353743.005 6.781143
353744.005 6.557715
353745.005 6.306692
353746.005 6.070200
353747.005 6.054056
353748.005 6.230089
353749.005 6.438444
353750.005 6.697303
353751.005 6.970970
353752.005 7.153250
353753.005 7.265956
353754.005 7.358054
353755.005 7.366131
353756.005 7.340048
353757.005 7.296955
353758.005 7.244099
353759.005 7.151808
353760.005 7.016839
353761.005 6.762746
353762.005 6.153633
353763.005 5.579976
353764.005 4.931677
353765.005 3.935703
353766.005 3.447513
353767.005 2.850150
353768.005 2.705287
353769.005 2.564578
353770.005 2.576173
353771.005 2.815055
353772.005 3.257045
353773.005 3.715510
353774.005 4.116405
353775.005 4.159894
353776.005 4.237552
353777.005 4.438074
353778.005 4.367715
353779.005 4.393859
353780.005 4.632510
353781.005 5.210316
353782.005 5.734382
353783.005 5.752972
353784.005 5.674895
353785.005 5.357362
353786.005 4.878438
353787.005 4.066215
353788.005 3.298453
353789.005 3.044880
353790.005 2.950641
353791.005 3.305427
353792.005 4.051351
353793.005 4.822911
353794.005 5.041675
353795.005 5.175364
353796.005 5.532453
353797.005 6.087592
353798.005 6.420580
353799.005 6.579643
353800.005 6.627595
353801.005 6.582022
353802.005 6.467989
353803.005 6.256089
353804.005 5.995949
353805.005 5.711065
353806.005 5.582346
353807.005 5.452899
353808.005 5.282221
353809.005 5.181564
353810.005 4.811419
353811.005 4.085054
353812.005 2.781105
353813.005 2.103279
353814.005 2.192442
353815.005 2.115880
353816.005 1.961822
353817.005 2.476039
353818.005 3.707510
353819.005 4.136167
353820.005 4.386273
353821.005 4.673385
353822.005 4.788224
353823.005 4.687222
353824.005 4.573900
353825.005 4.453429
353826.005 4.101096
353827.005 3.134084
353828.005 2.452664
353829.005 2.292403
353830.005 2.117481
353831.005 2.482052
353832.005 3.058144
353833.005 3.454796
353834.005 3.625432
353835.005 3.546627
353836.005 3.474290
353837.005 3.484990
353838.005 3.652382
353839.005 3.783852
353840.005 3.866497
353841.005 3.886345
353842.005 3.914878
353843.005 3.983585
353844.005 4.070536
353845.005 4.102898
353846.005 3.976833
353847.005 3.946452
353848.005 4.046842
353849.005 4.174027
353850.005 4.522626
353851.005 4.892666
353852.005 5.047532
353853.005 5.182861
353854.005 5.194106
353855.005 5.209924
353856.005 5.257759
353857.005 5.258725
353858.005 5.257221
353859.005 5.276433
353860.005 5.254260
353861.005 5.265678
353862.005 5.288916
353863.005 5.261190
353864.005 5.195118
353865.005 5.141201
353866.005 5.074158
353867.005 4.972832
353868.005 4.846225
353869.005 4.509296
353870.005 4.168085
353871.005 3.763789
353872.005 3.208896
353873.005 2.896865
353874.005 2.779494
353875.005 2.764017
353876.005 2.731226
353877.005 2.769699
353878.005 3.063748
353879.005 2.781475
353880.005 2.462228
353881.005 2.318363
353882.005 1.753521
353883.005 1.086896
353884.005 0.808982
353885.005 1.171455
353886.005 1.255428
353887.005 1.465139
353888.005 2.321929
353889.005 2.381896
353890.005 2.362797
353891.005 3.249827
353892.005 4.155230
353893.005 4.910382
353894.005 5.396233
353895.005 5.843817
353896.005 6.168414
353897.005 6.324348
353898.005 6.242439
353899.005 6.222924
353900.005 6.146045
353901.005 6.066846
353902.005 6.000670
353903.005 5.927302
353904.005 5.855647
353905.005 5.862708
353906.005 5.943713
353907.005 5.953374
353908.005 6.043534
353909.005 6.094047
353910.005 6.130507
353911.005 6.126612
353912.005 5.998577
353913.005 5.788508
353914.005 5.683188
353915.005 5.684115
353916.005 5.549826
353917.005 5.321461
353918.005 5.089592
353919.005 4.765983
353920.005 4.026065
353921.005 3.310033
353922.005 2.859496
353923.005 2.662712
353924.005 2.923930
353925.005 3.326193
353926.005 3.689087
353927.005 3.998712
353928.005 4.342432
353929.005 4.744615
353930.005 5.121631
353931.005 5.326365
353932.005 5.573557
353933.005 5.706872
353934.005 5.751113
353935.005 5.789632
353936.005 5.799144
353937.005 5.826366
353938.005 5.822912
353939.005 5.836160
353940.005 5.870385
353941.005 5.851500
353942.005 5.740505
353943.005 5.431700
353944.005 5.153801
353945.005 4.995378
353946.005 5.007077
353947.005 5.032999
353948.005 5.121529
353949.005 5.186071
353950.005 5.031975
353951.005 4.489160
353952.005 3.824850
353953.005 3.043658
353954.005 3.157197
353955.005 3.366543
353956.005 3.602969
353957.005 3.793852
353958.005 3.942950
353959.005 4.148931
353960.005 4.474464
353961.005 4.844289
353962.005 5.108367
353963.005 5.136744
353964.005 4.186599
353965.005 2.575355
353966.005 2.255515
353967.005 2.202726
353968.005 2.597587
353969.005 4.108843
353970.005 4.701255
353971.005 5.068811
353972.005 5.456513
353973.005 5.604152
353974.005 5.676613
353975.005 5.714677
353976.005 5.826382
353977.005 6.116180
353978.005 6.480693
353979.005 6.679019
353980.005 6.771225
353981.005 6.893748
353982.005 6.961085
353983.005 6.958995
353984.005 6.986517
353985.005 7.063807
353986.005 7.077304
353987.005 7.060999
353988.005 6.935177
353989.005 6.776045
353990.005 6.631063
353991.005 6.433356
353992.005 6.215423
353993.005 5.981516
353994.005 5.725287
353995.005 5.380948
353996.005 5.012621
353997.005 4.697140
353998.005 4.486552
353999.005 4.654376
354000.005 5.087125
354001.005 5.490269
354002.005 5.513583
354003.005 5.401998
354004.005 5.279420
354005.005 5.165908
354006.005 5.089787
354007.005 5.019933
354008.005 5.016644
354009.005 5.241758
354010.005 5.715702
354011.005 5.850258
354012.005 5.736830
354013.005 5.496624
354014.005 5.352741
354015.005 5.275868
354016.005 5.191368
354017.005 5.132492
354018.005 5.226533
354019.005 5.424851
354020.005 5.703615
354021.005 6.015728
354022.005 6.316048
354023.005 6.611033
354024.005 6.888456
354025.005 7.193724
354026.005 7.359485
354027.005 7.180087
354028.005 6.980410
354029.005 6.884585
354030.005 6.830209
354031.005 6.756318
354032.005 6.622799
354033.005 6.378293
354034.005 6.125217
354035.005 5.846645
354036.005 5.496674
354037.005 4.852528
354038.005 4.275084
354039.005 4.017778
354040.005 3.807137
354041.005 3.692822
354042.005 3.820597
354043.005 4.205207
354044.005 4.597362
354045.005 4.921962
354046.005 5.270469
354047.005 5.730543
354048.005 6.032116
354049.005 6.297342
354050.005 6.605829
354051.005 6.901463
354052.005 7.028975
354053.005 7.102808
354054.005 7.106570
354055.005 7.073070
354056.005 7.014724
354057.005 6.875260
354058.005 6.277243
354059.005 5.174547
354060.005 4.690750
354061.005 4.704317
354062.005 4.762730
354063.005 4.810810
354064.005 4.862291
354065.005 4.921646
354066.005 4.960397
354067.005 5.121573
354068.005 5.304231
354069.005 5.517789
354070.005 5.760016
354071.005 6.044362
354072.005 6.310621
354073.005 6.587752
354074.005 6.914765
354075.005 7.117897
354076.005 7.219269
354077.005 7.282816
354078.005 7.369495
354079.005 7.452839
354080.005 7.529897
354081.005 7.568941
354082.005 7.570318
354083.005 7.590719
354084.005 7.551781
354085.005 7.376679
354086.005 7.266771
354087.005 7.161275
354088.005 7.047671
354089.005 6.793616
354090.005 6.405295
354091.005 5.955518
354092.005 5.038360
354093.005 3.796465
354094.005 3.051561
354095.005 2.723445
354096.005 2.334713
354097.005 2.117617
354098.005 1.788581
354099.005 2.020345
354100.005 2.619987
354101.005 3.208381
354102.005 3.418715
354103.005 3.678430
354104.005 4.107233
354105.005 4.287364
354106.005 4.345033
354107.005 4.434422
354108.005 4.499499
354109.005 4.579441
354110.005 4.666622
354111.005 4.776117
354112.005 5.022441
354113.005 5.366039
354114.005 5.587431
354115.005 5.655717
354116.005 5.737200
354117.005 5.829955
354118.005 5.906288
354119.005 5.967780
354120.005 6.057283
354121.005 6.108937
354122.005 6.204524
354123.005 6.327507
354124.005 6.454837
354125.005 6.510580
354126.005 6.428333
354127.005 6.385859
354128.005 6.356455
354129.005 6.326463
354130.005 6.273278
354131.005 6.027419
354132.005 5.805109
354133.005 5.411577
354134.005 4.975595
354135.005 4.281468
354136.005 3.776848
354137.005 3.404363
354138.005 3.752333
354139.005 4.814421
354140.005 5.511982
354141.005 5.625849
354142.005 6.000408
354143.005 6.306357
354144.005 6.444059
354145.005 6.446225
354146.005 6.461767
354147.005 6.415757
354148.005 6.059252
354149.005 5.674508
354150.005 5.410720
354151.005 5.403637
354152.005 5.222785
354153.005 4.886213
354154.005 4.309012
354155.005 3.949547
354156.005 3.661401
354157.005 3.656842
354158.005 4.097905
354159.005 4.036329
354160.005 4.023003
354161.005 3.907027
354162.005 3.984351
354163.005 4.178720
354164.005 4.417082
354165.005 4.603014
354166.005 4.650741
354167.005 4.593389
354168.005 4.561842
354169.005 4.518765
354170.005 4.388195
354171.005 4.139955
354172.005 3.835525
354173.005 3.597214
354174.005 3.402665
354175.005 3.198004
354176.005 3.034068
354177.005 2.923614
354178.005 3.043484
354179.005 3.388795
354180.005 3.766825
354181.005 4.444065
354182.005 4.791180
354183.005 4.909774
354184.005 4.946835
354185.005 5.181878
354186.005 5.434868
354187.005 5.626600
354188.005 5.826010
354189.005 5.988286
354190.005 6.078543
354191.005 6.114241
354192.005 6.115349
354193.005 6.147033
354194.005 6.166912
354195.005 6.176565
354196.005 6.183996
354197.005 6.116422
354198.005 5.759443
354199.005 5.100788
354200.005 4.800315
354201.005 4.776825
354202.005 4.826864
354203.005 4.871153
354204.005 4.927373
354205.005 5.067469
354206.005 5.327988
354207.005 5.624747
354208.005 5.809598
354209.005 5.947501
354210.005 6.095863
354211.005 6.216162
354212.005 6.349874
354213.005 6.479202
354214.005 6.592837
354215.005 6.724206
354216.005 6.825892
354217.005 6.920108
354218.005 7.040360
354219.005 7.154877
354220.005 7.250373
354221.005 7.291612
354222.005 7.300341
354223.005 7.331552
354224.005 7.287916
354225.005 7.160813
354226.005 6.922122
354227.005 6.785845
354228.005 6.671574
354229.005 6.541527
354230.005 6.355774
354231.005 6.185032
354232.005 5.762446
354233.005 4.626489
354234.005 3.782250
354235.005 3.449019
354236.005 3.258140
354237.005 2.991306
354238.005 3.269568
354239.005 3.606015
354240.005 3.468163
354241.005 3.373540
354242.005 3.408479
354243.005 3.566861
354244.005 3.716993
354245.005 3.846653
354246.005 4.054032
354247.005 4.357144
354248.005 4.650478
354249.005 4.696332
354250.005 4.728348
354251.005 4.743653
354252.005 4.885235
354253.005 5.041527
354254.005 5.118354
354255.005 5.160762
354256.005 5.214069
354257.005 5.242039
354258.005 5.276537
354259.005 5.260972
354260.005 5.222190
354261.005 5.178830
354262.005 5.177695
354263.005 5.194377
354264.005 5.214020
354265.005 5.201047
354266.005 5.185488
354267.005 5.182144
354268.005 5.183352
354269.005 5.186589
354270.005 5.173617
354271.005 5.156344
354272.005 5.079459
354273.005 4.982028
354274.005 4.938147
354275.005 4.805776
354276.005 4.744124
354277.005 4.731269
354278.005 4.452895
354279.005 4.117659
354280.005 3.933991
354281.005 4.299998
354282.005 4.816242
354283.005 5.260454
354284.005 5.646179
354285.005 5.892013
354286.005 6.031021
354287.005 6.194871
354288.005 6.228665
354289.005 6.172398
354290.005 6.098981
354291.005 6.034986
354292.005 5.827759
354293.005 5.575459
354294.005 5.308998
354295.005 4.965060
354296.005 4.265677
354297.005 3.554601
354298.005 3.254767
354299.005 3.048958
354300.005 3.061521
354301.005 3.332274
354302.005 3.548263
354303.005 3.846560
354304.005 4.280222
354305.005 4.540617
354306.005 4.727586
354307.005 4.814912
354308.005 4.852179
354309.005 4.873984
354310.005 4.768047
354311.005 4.535953
354312.005 4.140945
354313.005 3.512702
354314.005 2.947476
354315.005 2.604524
354316.005 2.418150
354317.005 2.418525
354318.005 2.878557
354319.005 2.970627
354320.005 3.095066
354321.005 3.067841
354322.005 3.089675
354323.005 3.420655
354324.005 3.820575
354325.005 4.138092
354326.005 4.391817
354327.005 4.555602
354328.005 4.718810
354329.005 4.869786
354330.005 5.138141
354331.005 5.288909
354332.005 5.413280
354333.005 5.494635
354334.005 5.592462
354335.005 5.685954
354336.005 5.755471
354337.005 5.648773
354338.005 5.516875
354339.005 5.383624
354340.005 5.268066
354341.005 5.157070
354342.005 5.064451
354343.005 4.960280
354344.005 4.656086
354345.005 4.041146
354346.005 3.482155
354347.005 3.251595
354348.005 3.242730
354349.005 3.129293
354350.005 3.081525
354351.005 3.087248
354352.005 3.127237
354353.005 3.171540
354354.005 3.243783
354355.005 3.588629
354356.005 4.030416
354357.005 4.508243
354358.005 4.800445
354359.005 5.020100
354360.005 5.368909
354361.005 5.635119
354362.005 5.743053
354363.005 5.859830
354364.005 5.971234
354365.005 6.043608
354366.005 6.109762
354367.005 6.183263
354368.005 6.251358
354369.005 6.408329
354370.005 6.652133
354371.005 6.874167
354372.005 7.047124
354373.005 7.133496
354374.005 7.150753
354375.005 6.931178
354376.005 6.581727
354377.005 6.451559
354378.005 6.366629
354379.005 6.329764
354380.005 6.302204
354381.005 6.277123
354382.005 6.061466
354383.005 5.673129
354384.005 4.983489
354385.005 4.456755
354386.005 3.765953
354387.005 2.928819
354388.005 2.480673
354389.005 2.265369
354390.005 2.050463
354391.005 1.746347
354392.005 1.386409
354393.005 1.677816
354394.005 2.270929
354395.005 2.754279
354396.005 3.024509
354397.005 3.159352
354398.005 3.362008
354399.005 3.561374
354400.005 3.743564
354401.005 3.973615
354402.005 4.133401
354403.005 4.274886
354404.005 4.533258
354405.005 4.790946
354406.005 5.030082
354407.005 5.222486
354408.005 5.366472
354409.005 5.507500
354410.005 5.619197
354411.005 5.718119
354412.005 5.816323
354413.005 5.981301
354414.005 6.119205
354415.005 6.112051
354416.005 6.067134
354417.005 6.049111
354418.005 6.043872
354419.005 5.936580
354420.005 5.792420
354421.005 5.661753
354422.005 5.539374
354423.005 5.410410
354424.005 5.277044
354425.005 5.152789
354426.005 5.023076
354427.005 4.876111
354428.005 4.744567
354429.005 4.630291
354430.005 4.214486
354431.005 3.852786
354432.005 3.414028
354433.005 2.891618
354434.005 2.515264
354435.005 2.336329
354436.005 3.421598
354437.005 4.722725
354438.005 5.686741
354439.005 5.609584
354440.005 5.625707
354441.005 5.652569
354442.005 5.667060
354443.005 5.719359
354444.005 5.771276
354445.005 5.791657
354446.005 5.800996
354447.005 5.819589
354448.005 5.801730
354449.005 5.381203
354450.005 4.937669
354451.005 4.531319
354452.005 4.177561
354453.005 3.687613
354454.005 3.085895
354455.005 2.749598
354456.005 2.549508
354457.005 2.709931
354458.005 2.928240
354459.005 3.422664
354460.005 3.856314
354461.005 4.283940
354462.005 4.492690
354463.005 4.725505
354464.005 4.651634
354465.005 4.481449
354466.005 4.435490
354467.005 4.514242
354468.005 4.404004
354469.005 4.234852
354470.005 3.969766
354471.005 3.585630
354472.005 3.199436
354473.005 2.922787
354474.005 2.904223
354475.005 3.024521
354476.005 3.200047
354477.005 3.311853
354478.005 3.401354
354479.005 3.469826
354480.005 3.656917
354481.005 4.018047
354482.005 4.297012
354483.005 4.344848
354484.005 4.385851
354485.005 4.626071
354486.005 5.101796
354487.005 5.451534
354488.005 5.771784
354489.005 6.022464
354490.005 6.103401
354491.005 6.135066
354492.005 6.179137
354493.005 6.046312
354494.005 5.892991
354495.005 5.747409
354496.005 5.596682
354497.005 5.448174
354498.005 5.337277
354499.005 5.264022
354500.005 5.177700
354501.005 4.941574
354502.005 4.740604
354503.005 4.651254
354504.005 4.618116
354505.005 4.577411
354506.005 4.747628
354507.005 4.974428
354508.005 5.133613
354509.005 5.293189
354510.005 5.408444
354511.005 5.514105
354512.005 5.662035
354513.005 5.826621
354514.005 5.977874
354515.005 6.115107
354516.005 6.157989
354517.005 6.102965
354518.005 6.054610
354519.005 5.995943
354520.005 5.931217
354521.005 5.902799
354522.005 5.882737
354523.005 5.848203
354524.005 5.791393
354525.005 5.737023
354526.005 5.650348
354527.005 5.588042
354528.005 5.553345
354529.005 5.501688
354530.005 5.416367
354531.005 5.350890
354532.005 5.275811
354533.005 5.190709
354534.005 5.115298
354535.005 5.045856
354536.005 4.986199
354537.005 4.898706
354538.005 4.820294
354539.005 4.723010
354540.005 4.278343
354541.005 3.486765
354542.005 2.900284
354543.005 2.741604
354544.005 2.575620
354545.005 2.376175
354546.005 2.075054
354547.005 2.130256
354548.005 2.389532
354549.005 2.841039
354550.005 3.200695
354551.005 3.272931
354552.005 3.259781
354553.005 2.943523
354554.005 2.678294
354555.005 3.054870
354556.005 4.375447
354557.005 4.579010
354558.005 4.141884
354559.005 3.982247
354560.005 4.044746
354561.005 4.084058
354562.005 4.093272
354563.005 4.165519
354564.005 4.258051
354565.005 4.307170
354566.005 4.308621
354567.005 4.316155
354568.005 4.339278
354569.005 4.340575
354570.005 4.300729
354571.005 4.211675
354572.005 4.120804
354573.005 4.067039
354574.005 3.977827
354575.005 3.997778
354576.005 4.093527
354577.005 4.156396
354578.005 4.238816
354579.005 4.302798
354580.005 4.353705
354581.005 4.404518
354582.005 4.466932
354583.005 4.522184
354584.005 4.578741
354585.005 4.624083
354586.005 4.672706
354587.005 4.697908
354588.005 4.556333
354589.005 4.269648
354590.005 4.066672
354591.005 3.960534
354592.005 3.885804
354593.005 3.869140
354594.005 3.500332
354595.005 3.085599
354596.005 2.868910
354597.005 3.400041
354598.005 4.191572
354599.005 4.602453
354600.005 4.891923
354601.005 5.211990
354602.005 5.567997
354603.005 5.646946
354604.005 5.782104
354605.005 5.737938
354606.005 5.576379
354607.005 5.444836
354608.005 5.332324
354609.005 5.195911
354610.005 5.083262
354611.005 4.961275
354612.005 4.644763
354613.005 4.335724
354614.005 4.003544
354615.005 3.633519
354616.005 3.277053
354617.005 2.931659
354618.005 2.839932
354619.005 3.217994
354620.005 3.647681
354621.005 4.032230
354622.005 4.046340
354623.005 4.171346
354624.005 3.995074
354625.005 3.782236
354626.005 3.641260
354627.005 3.690252
354628.005 3.894792
354629.005 4.093711
354630.005 4.178637
354631.005 4.056647
354632.005 3.891647
354633.005 3.717226
354634.005 3.472817
354635.005 3.164431
354636.005 2.967994
354637.005 3.067735
354638.005 3.290286
354639.005 3.404266
354640.005 3.404757
354641.005 3.406106
354642.005 3.281232
354643.005 3.407657
354644.005 3.815851
354645.005 4.224487
354646.005 4.534692
354647.005 4.846782
354648.005 5.046960
354649.005 5.003868
354650.005 4.996471
354651.005 5.066798
354652.005 5.117423
354653.005 5.171495
354654.005 5.275697
354655.005 5.201401
354656.005 5.079854
354657.005 5.002097
354658.005 4.995317
354659.005 5.018478
354660.005 5.047780
354661.005 5.065047
354662.005 5.037424
354663.005 4.975279
354664.005 4.923181
354665.005 4.706489
354666.005 4.422316
354667.005 4.143540
354668.005 4.079736
354669.005 4.075265
354670.005 4.068214
354671.005 4.083446
354672.005 4.319758
354673.005 4.658921
354674.005 4.934542
354675.005 5.128420
354676.005 5.087968
354677.005 5.092964
354678.005 5.148267
354679.005 5.236763
354680.005 5.333065
354681.005 5.522130
354682.005 5.647653
354683.005 5.816354
354684.005 5.983641
354685.005 6.127230
354686.005 6.206454
354687.005 6.288792
354688.005 6.395543
354689.005 6.554004
354690.005 6.653384
354691.005 6.713637
354692.005 6.757867
354693.005 6.836952
354694.005 6.874096
354695.005 6.756092
354696.005 6.408748
354697.005 6.093336
354698.005 5.899652
354699.005 5.797494
354700.005 5.674847
354701.005 5.455542
354702.005 5.280642
354703.005 4.821022
354704.005 4.238842
354705.005 3.369589
354706.005 3.100392
354707.005 3.172211
354708.005 3.048634
354709.005 2.724462
354710.005 2.296682
354711.005 2.414133
354712.005 2.975870
354713.005 3.165533
354714.005 3.340199
354715.005 3.405192
354716.005 3.580341
354717.005 3.771556
354718.005 3.824177
354719.005 3.728351
354720.005 3.832703
354721.005 3.918901
354722.005 3.990878
354723.005 4.054507
354724.005 4.121027
354725.005 4.164785
354726.005 4.240422
354727.005 4.312767
354728.005 4.253090
354729.005 4.186449
354730.005 4.226706
354731.005 4.274047
354732.005 4.300388
354733.005 4.387462
354734.005 4.393749
354735.005 4.406760
354736.005 4.464925
354737.005 4.547734
354738.005 4.648374
354739.005 4.756648
354740.005 4.871945
354741.005 4.950510
354742.005 5.035054
354743.005 5.137059
354744.005 5.221616
354745.005 5.306378
354746.005 5.384848
354747.005 5.466796
354748.005 5.474205
354749.005 4.974923
354750.005 4.483539
354751.005 4.070139
354752.005 3.764998
354753.005 3.732275
354754.005 3.668811
354755.005 3.639766
354756.005 4.028859
354757.005 4.521790
354758.005 4.775907
354759.005 5.224140
354760.005 5.736888
354761.005 6.255936
354762.005 6.497811
354763.005 6.578824
354764.005 6.538054
354765.005 6.516892
354766.005 6.457061
354767.005 6.388828
354768.005 6.326616
354769.005 6.001721
354770.005 5.672523
354771.005 5.350654
354772.005 4.889109
354773.005 4.437941
354774.005 4.150538
354775.005 4.039234
354776.005 4.098158
354777.005 3.985819
354778.005 3.935724
354779.005 3.837063
354780.005 3.743317
354781.005 3.686777
354782.005 3.728162
354783.005 3.727071
354784.005 3.526303
354785.005 3.154189
354786.005 3.015262
354787.005 3.077248
354788.005 3.592882
354789.005 4.110766
354790.005 4.657165
354791.005 5.127401
354792.005 5.445966
354793.005 5.507909
354794.005 5.206718
354795.005 4.337665
354796.005 3.916516
354797.005 4.261090
354798.005 4.566769
354799.005 4.776492
354800.005 5.104603
354801.005 5.367057
354802.005 5.569535
354803.005 5.670622
354804.005 5.714773
354805.005 5.789716
354806.005 5.939535
354807.005 6.050117
354808.005 6.130985
354809.005 6.163009
354810.005 6.225924
354811.005 6.180825
354812.005 6.121398
354813.005 6.033405
354814.005 5.951466
354815.005 5.887068
354816.005 5.901781
354817.005 5.939403
354818.005 6.031750
354819.005 6.070170
354820.005 6.125157
354821.005 6.181991
354822.005 6.198029
354823.005 6.277160
354824.005 6.386726
354825.005 6.451217
354826.005 6.515286
354827.005 6.591952
354828.005 6.698892
354829.005 6.802759
354830.005 6.877911
354831.005 6.935214
354832.005 6.926803
354833.005 6.874739
354834.005 6.849222
354835.005 6.848524
354836.005 6.805037
354837.005 6.741925
354838.005 6.673294
354839.005 6.569713
354840.005 6.462432
354841.005 6.401181
354842.005 6.387638
354843.005 6.312969
354844.005 6.206321
354845.005 6.078779
354846.005 5.973370
354847.005 5.954751
354848.005 5.952225
354849.005 5.970046
354850.005 5.994829
354851.005 6.069551
354852.005 6.198750
354853.005 6.276000
354854.005 6.301629
354855.005 6.342066
354856.005 6.304126
354857.005 6.113241
354858.005 5.962426
354859.005 5.793335
354860.005 5.545336
354861.005 5.192795
354862.005 4.702695
354863.005 4.348459
354864.005 4.186889
354865.005 4.070723
354866.005 4.101521
354867.005 4.145423
354868.005 4.142258
354869.005 4.017684
354870.005 3.853781
354871.005 3.668123
354872.005 3.576349
354873.005 3.548071
354874.005 3.708867
354875.005 3.841746
354876.005 3.878385
354877.005 3.787934
354878.005 3.654730
354879.005 3.525044
354880.005 3.439037
354881.005 3.345498
354882.005 3.238211
354883.005 2.998706
354884.005 2.648721
354885.005 2.491464
354886.005 2.396930
354887.005 2.437984
354888.005 3.411776
354889.005 3.735071
354890.005 3.936530
354891.005 4.217038
354892.005 4.436078
354893.005 4.634365
354894.005 4.713363
354895.005 4.746937
354896.005 4.386233
354897.005 3.867296
354898.005 3.721889
354899.005 3.787620
354900.005 4.045272
354901.005 4.350943
354902.005 4.514776
354903.005 4.716502
354904.005 4.755942
354905.005 4.776109
354906.005 4.831638
354907.005 4.962172
354908.005 4.615514
354909.005 3.938525
354910.005 3.147893
354911.005 2.332697
354912.005 1.624114
354913.005 0.956605
354914.005 1.185548
354915.005 1.829872
354916.005 2.602777
354917.005 2.799946
354918.005 2.797785
354919.005 2.777481
354920.005 2.917835
354921.005 2.898983
354922.005 2.830164
354923.005 3.100437
354924.005 3.558068
354925.005 3.929004
354926.005 4.182944
354927.005 4.442197
354928.005 4.686338
354929.005 4.955373
354930.005 5.258802
354931.005 5.456648
354932.005 5.622014
354933.005 5.610768
354934.005 5.511861
354935.005 5.422136
354936.005 5.435655
354937.005 5.561202
354938.005 5.720618
354939.005 5.872043
354940.005 6.014323
354941.005 6.136294
354942.005 6.276933
354943.005 6.413435
354944.005 6.514180
354945.005 6.550988
354946.005 6.644214
354947.005 6.690374
354948.005 6.696368
354949.005 6.743354
354950.005 6.741429
354951.005 6.570818
354952.005 6.083572
354953.005 5.292796
354954.005 4.683092
354955.005 4.365962
354956.005 4.141740
354957.005 3.854738
354958.005 3.715236
354959.005 4.216761
354960.005 4.859431
354961.005 5.038776
354962.005 5.184427
354963.005 5.655360
354964.005 6.108361
354965.005 6.378827
354966.005 6.290775
354967.005 6.028295
354968.005 5.760723
354969.005 5.602594
354970.005 5.630416
354971.005 5.769860
354972.005 5.863714
354973.005 6.220527
354974.005 6.572808
354975.005 6.861538
354976.005 6.788503
354977.005 6.669784
354978.005 6.639701
354979.005 6.653236
354980.005 6.631999
354981.005 6.597686
354982.005 6.562097
354983.005 6.502680
354984.005 6.461449
354985.005 6.527175
354986.005 6.601194
354987.005 6.608438
354988.005 6.656155
354989.005 6.706626
354990.005 6.617502
354991.005 6.487781
354992.005 6.328086
354993.005 6.228250
354994.005 6.281107
354995.005 6.395041
354996.005 6.454694
354997.005 6.516715
354998.005 6.661690
354999.005 6.789490
355000.005 6.962346
355001.005 7.124788
355002.005 7.109102
355003.005 7.021789
355004.005 6.981403
355005.005 6.927262
355006.005 6.843851
355007.005 6.697787
355008.005 6.582307
355009.005 6.475117
355010.005 6.282940
355011.005 5.941510
355012.005 5.558914
355013.005 5.099294
355014.005 4.311770
355015.005 3.482401
355016.005 2.860062
355017.005 2.423543
355018.005 2.100137
355019.005 1.817326
355020.005 1.714991
355021.005 1.812662
355022.005 2.177749
355023.005 2.182927
355024.005 2.460425
355025.005 2.968662
355026.005 3.248362
355027.005 3.550183
355028.005 3.922504
355029.005 4.192215
355030.005 4.440370
355031.005 4.571107
355032.005 4.647895
355033.005 4.701985
355034.005 4.741626
355035.005 4.824810
355036.005 4.826326
355037.005 4.397434
355038.005 4.210705
355039.005 4.370725
355040.005 4.415480
355041.005 4.471704
355042.005 4.555946
355043.005 4.642817
355044.005 4.698839
355045.005 4.723083
355046.005 4.740625
355047.005 4.763243
355048.005 4.768170
355049.005 4.797017
355050.005 4.767203
355051.005 4.788260
355052.005 4.744208
355053.005 4.716463
355054.005 4.737064
355055.005 4.836246
355056.005 4.930815
355057.005 4.647346
355058.005 4.249113
355059.005 3.838622
355060.005 3.395184
355061.005 3.010340
355062.005 2.709966
355063.005 2.927114
355064.005 3.656314
355065.005 4.162865
355066.005 4.401748
355067.005 4.495014
355068.005 4.524391
355069.005 4.363534
355070.005 4.317787
355071.005 4.355522
355072.005 4.481810
355073.005 4.556379
355074.005 4.682820
355075.005 4.817642
355076.005 4.806965
355077.005 4.567727
355078.005 4.577885
355079.005 4.646428
355080.005 4.647383
355081.005 4.646494
355082.005 4.702525
355083.005 4.712166
355084.005 4.762964
355085.005 4.772966
355086.005 4.847006
355087.005 4.919603
355088.005 4.888892
355089.005 4.748436
355090.005 4.587815
355091.005 4.445907
355092.005 4.332457
355093.005 4.264807
355094.005 4.190633
355095.005 4.101546
355096.005 4.021607
355097.005 3.918648
355098.005 3.630179
355099.005 3.731270
355100.005 4.252054
355101.005 4.678489
355102.005 4.530216
355103.005 4.413055
355104.005 4.192878
355105.005 3.994052
355106.005 3.956024
355107.005 4.096942
355108.005 4.193079
355109.005 4.296707
355110.005 4.414611
355111.005 4.538050
355112.005 4.612063
355113.005 4.305131
355114.005 3.633740
355115.005 2.909891
355116.005 2.223407
355117.005 1.558648
355118.005 1.282793
355119.005 1.629573
355120.005 1.780639
355121.005 1.975509
355122.005 2.426400
355123.005 2.998952
355124.005 3.148316
355125.005 3.128067
355126.005 3.027668
355127.005 2.898823
355128.005 2.864644
355129.005 3.052231
355130.005 3.224602
355131.005 3.137751
355132.005 2.617126
355133.005 2.146466
355134.005 1.699474
355135.005 1.760073
355136.005 2.021089
355137.005 2.351760
355138.005 2.741834
355139.005 3.149406
355140.005 3.519032
355141.005 3.906626
355142.005 4.277795
355143.005 4.610633
355144.005 4.893619
355145.005 5.144971
355146.005 5.390954
355147.005 5.677379
355148.005 5.980071
355149.005 6.220818
355150.005 6.199826
355151.005 5.860914
355152.005 5.210831
355153.005 4.455016
355154.005 3.754130
355155.005 3.984210
355156.005 4.362768
355157.005 4.596767
355158.005 4.667914
355159.005 4.812133
355160.005 4.950114
355161.005 4.987259
355162.005 5.262364
355163.005 5.568078
355164.005 5.621632
355165.005 5.210535
355166.005 4.970260
355167.005 4.732126
355168.005 4.911388
355169.005 5.205761
355170.005 5.404244
355171.005 5.537845
355172.005 5.670303
355173.005 5.715645
355174.005 5.653745
355175.005 5.451884
355176.005 5.090358
355177.005 4.451837
355178.005 3.405325
355179.005 2.925753
355180.005 3.140189
355181.005 3.482058
355182.005 3.771468
355183.005 4.021077
355184.005 4.210787
355185.005 4.383676
355186.005 4.503488
355187.005 4.304194
355188.005 3.486822
355189.005 2.965096
355190.005 2.695710
355191.005 2.343471
355192.005 2.026658
355193.005 0.680900
355194.005 -0.002184
355195.005 -0.002955
355196.005 -0.002450
355197.005 0.150874
355198.005 0.142737
355199.005 0.170654
355200.005 0.041563
355201.005 0.011395
355202.005 0.035845
355203.005 -0.002908
355204.005 -0.002831
355205.005 0.003495
355206.005 0.361034
355207.005 0.786519
355208.005 1.105336
355209.005 1.283311
355210.005 1.434602
355211.005 1.828889
355212.005 2.180477
355213.005 2.691676
355214.005 3.105125
355215.005 3.429633
355216.005 3.828473
355217.005 4.209747
355218.005 4.461081
355219.005 4.687525
355220.005 4.899617
355221.005 4.972387
355222.005 5.119927
355223.005 4.823331
355224.005 4.463377
355225.005 3.653967
355226.005 2.976457
355227.005 2.505185
355228.005 2.852959
355229.005 3.498347
355230.005 4.120237
355231.005 4.615309
355232.005 4.867986
355233.005 4.724891
355234.005 4.455373
355235.005 4.242382
355236.005 4.073640
355237.005 3.856588
355238.005 4.008658
355239.005 4.135759
355240.005 3.778883
355241.005 2.900009
355242.005 2.705584
355243.005 3.041772
355244.005 3.424943
355245.005 3.891004
355246.005 4.416356
355247.005 4.890062
355248.005 5.276211
355249.005 5.641096
355250.005 5.955077
355251.005 6.213892
355252.005 6.425379
355253.005 6.584119
355254.005 6.655126
355255.005 6.705085
355256.005 6.738693
355257.005 6.703904
355258.005 6.651426
355259.005 6.512735
355260.005 6.408137
355261.005 6.392676
355262.005 6.451444
355263.005 6.518462
355264.005 6.739111
355265.005 6.916904
355266.005 7.074684
355267.005 6.944649
355268.005 6.753790
355269.005 6.415554
355270.005 6.002392
355271.005 5.597550
355272.005 5.155439
355273.005 4.654089
355274.005 4.446277
355275.005 4.508895
355276.005 4.484592
355277.005 4.249681
355278.005 3.981646
355279.005 3.881136
355280.005 3.936958
355281.005 4.027761
355282.005 4.045726
355283.005 4.104003
355284.005 4.086772
355285.005 4.042700
355286.005 4.056943
355287.005 4.351018
355288.005 4.953455
355289.005 5.417017
355290.005 5.523831
355291.005 5.611232
355292.005 5.746049
355293.005 5.861394
355294.005 5.793185
355295.005 5.649241
355296.005 5.491463
355297.005 5.344356
355298.005 5.196003
355299.005 5.000134
355300.005 4.800792
355301.005 4.563160
355302.005 4.168852
355303.005 3.721428
355304.005 3.355403
355305.005 2.946651
355306.005 2.395626
355307.005 1.703222
355308.005 1.220743
355309.005 2.238698
355310.005 2.883110
355311.005 3.138289
355312.005 3.511017
355313.005 3.769261
355314.005 3.912504
355315.005 3.862840
355316.005 3.828879
355317.005 3.897368
355318.005 4.549376
355319.005 5.233110
355320.005 5.030658
355321.005 4.828874
355322.005 4.672103
355323.005 4.515091
355324.005 4.387492
355325.005 4.117736
355326.005 3.587890
355327.005 3.580659
355328.005 2.878272
355329.005 3.078456
355330.005 3.514449
355331.005 3.846187
355332.005 4.134614
355333.005 4.399890
355334.005 4.682592
355335.005 4.851543
355336.005 4.960333
355337.005 5.062517
355338.005 4.918299
355339.005 4.389184
355340.005 4.200680
355341.005 4.213355
355342.005 3.732971
355343.005 3.328235
355344.005 3.403755
355345.005 3.884555
355346.005 4.338366
355347.005 4.595692
355348.005 4.596643
355349.005 4.663664
355350.005 4.388226
355351.005 3.890086
355352.005 3.296087
355353.005 2.803808
355354.005 2.673555
355355.005 2.834617
355356.005 3.309714
355357.005 3.743195
355358.005 4.065208
355359.005 4.196371
355360.005 4.340361
355361.005 4.461422
355362.005 4.594927
355363.005 4.748086
355364.005 4.946175
355365.005 5.016081
355366.005 4.954462
355367.005 4.871534
355368.005 4.469917
355369.005 4.134011
355370.005 3.978010
355371.005 3.787911
355372.005 3.607463
355373.005 3.241492
355374.005 2.839191
355375.005 2.524304
355376.005 2.399299
355377.005 2.796589
355378.005 3.256461
355379.005 3.727549
355380.005 4.172301
355381.005 4.519657
355382.005 4.850227
355383.005 5.279869
355384.005 5.647860
355385.005 5.872902
355386.005 5.946149
355387.005 5.998803
355388.005 6.037773
355389.005 6.091055
355390.005 6.176221
355391.005 6.132297
355392.005 6.100732
355393.005 6.089991
355394.005 6.020710
355395.005 5.949939
355396.005 5.955131
355397.005 5.963825
355398.005 5.978851
355399.005 5.984643
355400.005 5.965560
355401.005 5.933512
355402.005 5.849963
355403.005 5.489834
355404.005 4.904953
355405.005 4.361415
355406.005 4.157834
355407.005 4.446706
355408.005 4.873891
355409.005 5.189689
355410.005 5.399667
355411.005 5.596640
355412.005 5.769460
355413.005 5.930898
355414.005 5.938412
355415.005 5.710110
355416.005 5.500922
355417.005 5.340166
355418.005 5.024146
355419.005 4.796237
355420.005 4.900320
355421.005 5.038667
355422.005 5.292688
355423.005 5.724738
355424.005 6.031201
355425.005 6.146707
355426.005 6.229375
355427.005 6.344998
355428.005 6.306870
355429.005 6.252441
355430.005 6.070507
355431.005 5.876351
355432.005 5.717124
355433.005 5.484740
355434.005 5.066855
355435.005 4.650629
355436.005 4.585721
355437.005 4.651667
355438.005 4.822059
355439.005 5.146101
355440.005 5.382370
355441.005 5.431260
355442.005 5.147724
355443.005 4.839822
355444.005 4.442830
355445.005 3.864019
355446.005 3.225686
355447.005 2.713406
355448.005 2.560626
355449.005 2.562311
355450.005 2.775322
355451.005 3.069960
355452.005 3.390549
355453.005 3.888584
355454.005 4.412953
355455.005 4.878345
355456.005 5.012447
355457.005 4.107373
355458.005 4.234170
355459.005 4.502559
355460.005 4.727202
355461.005 4.872605
355462.005 5.036055
355463.005 5.174244
355464.005 5.364713
355465.005 5.574025
355466.005 5.706827
355467.005 5.743645
355468.005 5.753928
355469.005 5.667986
355470.005 5.736376
355471.005 5.881326
355472.005 5.877044
355473.005 5.806425
355474.005 5.492669
355475.005 5.123655
355476.005 5.206295
355477.005 5.309514
355478.005 5.585377
355479.005 5.916714
355480.005 6.331714
355481.005 6.655278
355482.005 6.801052
355483.005 6.948157
355484.005 7.018912
355485.005 6.721875
355486.005 6.567021
355487.005 6.360388
355488.005 6.132373
355489.005 5.505423
355490.005 5.267734
355491.005 4.979539
355492.005 4.813953
355493.005 4.624133
355494.005 4.377464
355495.005 3.858567
355496.005 3.260529
355497.005 3.159341
355498.005 2.907606
355499.005 2.981858
355500.005 3.191429
355501.005 3.268696
355502.005 3.266353
355503.005 3.411089
355504.005 3.653004
355505.005 3.769755
355506.005 3.665180
355507.005 3.556858
355508.005 3.684111
355509.005 3.985948
355510.005 4.276920
355511.005 4.481432
355512.005 4.642624
355513.005 4.790575
355514.005 4.973461
355515.005 5.108113
355516.005 5.164660
355517.005 5.119197
355518.005 5.064716
355519.005 4.912110
355520.005 4.787279
355521.005 4.548122
355522.005 4.502907
355523.005 4.635352
355524.005 4.795861
355525.005 4.723765
355526.005 4.557018
355527.005 4.702417
355528.005 4.913713
355529.005 5.234318
355530.005 5.527758
355531.005 5.700405
355532.005 5.822901
355533.005 5.984316
355534.005 6.110818
355535.005 6.091628
355536.005 5.894417
355537.005 5.429602
355538.005 4.840155
355539.005 4.594724
355540.005 4.354896
355541.005 4.174130
355542.005 4.351971
355543.005 4.127573
355544.005 3.578056
355545.005 3.071611
355546.005 2.473219
355547.005 2.167703
355548.005 2.340038
355549.005 2.076008
355550.005 2.308971
355551.005 2.716642
355552.005 3.157149
355553.005 3.449395
355554.005 3.709661
355555.005 3.986447
355556.005 4.304347
355557.005 4.563144
355558.005 4.993540
355559.005 5.505125
355560.005 5.759068
355561.005 5.870835
355562.005 5.947450
355563.005 5.895781
355564.005 5.777420
355565.005 5.637597
355566.005 5.506959
355567.005 5.416760
355568.005 5.340716
355569.005 5.272394
355570.005 5.197279
355571.005 5.110499
355572.005 5.007834
355573.005 4.889935
355574.005 4.850828
355575.005 4.797565
355576.005 4.795645
355577.005 4.785061
355578.005 4.772793
355579.005 4.762450
355580.005 4.228565
355581.005 3.546099
355582.005 3.579803
355583.005 3.687071
355584.005 3.923259
355585.005 4.251090
355586.005 4.536058
355587.005 4.821229
355588.005 4.919100
355589.005 4.984303
355590.005 4.848922
355591.005 4.067791
355592.005 3.188636
355593.005 2.866200
355594.005 2.776951
355595.005 2.843887
355596.005 3.680348
355597.005 4.706991
355598.005 5.207358
355599.005 5.593790
355600.005 5.722231
355601.005 5.674891
355602.005 5.678386
355603.005 5.787189
355604.005 5.935679
355605.005 6.272391
355606.005 6.193091
355607.005 5.928355
355608.005 5.682331
355609.005 5.472658
355610.005 5.291856
355611.005 5.232385
355612.005 5.206688
355613.005 5.397168
355614.005 5.792281
355615.005 5.973363
355616.005 5.970045
355617.005 5.946899
355618.005 6.268456
355619.005 6.374440
355620.005 6.316751
355621.005 6.201853
355622.005 6.046837
355623.005 5.874282
355624.005 5.736109
355625.005 5.551301
355626.005 5.346152
355627.005 5.264707
355628.005 5.108262
355629.005 4.913790
355630.005 4.799496
355631.005 4.772837
355632.005 4.783587
355633.005 4.734146
355634.005 4.711190
355635.005 4.740171
355636.005 4.857453
355637.005 4.936824
355638.005 5.070535
355639.005 5.386711
355640.005 5.771391
355641.005 5.998913
355642.005 6.302880
355643.005 6.707956
355644.005 6.909719
355645.005 7.122889
355646.005 7.324076
355647.005 7.511924
355648.005 7.673112
355649.005 7.804550
355650.005 7.886612
355651.005 7.844571
355652.005 7.759104
355653.005 7.538680
355654.005 7.249391
355655.005 6.943776
355656.005 6.675314
355657.005 6.413317
355658.005 6.156138
355659.005 5.879397
355660.005 5.635407
355661.005 5.399569
355662.005 5.168948
355663.005 4.946283
355664.005 4.739987
355665.005 4.519293
355666.005 4.276795
355667.005 4.075332
355668.005 4.117641
355669.005 4.302127
355670.005 3.903327
355671.005 3.086231
355672.005 2.620289
355673.005 2.556231
355674.005 2.736620
355675.005 3.351932
355676.005 4.108933
355677.005 4.749234
355678.005 5.299405
355679.005 5.807622
355680.005 6.157317
355681.005 6.487420
355682.005 6.768933
355683.005 6.751616
355684.005 6.761033
355685.005 6.773180
355686.005 6.743405
355687.005 6.550648
355688.005 5.933748
355689.005 5.051432
355690.005 4.379050
355691.005 4.218497
355692.005 4.140538
355693.005 4.213560
355694.005 4.307918
355695.005 4.557234
355696.005 4.835982
355697.005 5.072393
355698.005 5.352964
355699.005 5.628813
355700.005 5.800715
355701.005 5.909001
355702.005 6.043428
355703.005 6.160647
355704.005 6.299671
355705.005 6.441841
355706.005 6.586747
355707.005 6.732974
355708.005 6.838385
355709.005 6.953775
355710.005 7.089573
355711.005 7.209947
355712.005 7.296437
355713.005 7.340748
355714.005 7.340686
355715.005 7.267513
355716.005 6.934694
355717.005 6.853732
355718.005 6.827744
355719.005 6.707472
355720.005 6.609300
355721.005 6.411531
355722.005 5.968426
355723.005 5.346618
355724.005 4.682504
355725.005 4.008160
355726.005 3.308191
355727.005 2.846186
355728.005 2.648609
355729.005 2.547343
355730.005 2.288947
355731.005 2.299971
355732.005 2.965273
355733.005 2.999838
355734.005 2.945786
355735.005 3.134720
355736.005 3.452079
355737.005 3.620461
355738.005 3.695991
355739.005 3.897056
355740.005 4.018788
355741.005 4.120955
355742.005 4.309831
355743.005 4.447355
355744.005 4.571567
355745.005 4.688399
355746.005 4.824659
355747.005 4.979890
355748.005 5.119588
355749.005 5.202960
355750.005 5.303580
355751.005 5.382085
355752.005 5.454155
355753.005 5.508578
355754.005 5.531801
355755.005 5.533449
355756.005 5.582177
355757.005 5.658006
355758.005 5.727447
355759.005 5.765860
355760.005 5.805832
355761.005 5.856335
355762.005 5.906059
355763.005 5.962050
355764.005 5.984921
355765.005 5.962787
355766.005 5.839008
355767.005 5.498632
355768.005 5.010291
355769.005 4.575772
355770.005 4.115464
355771.005 3.687720
355772.005 3.495609
355773.005 3.922059
355774.005 4.356435
355775.005 4.673478
355776.005 4.965794
355777.005 5.286598
355778.005 5.560951
355779.005 5.827404
355780.005 6.062479
355781.005 6.216285
355782.005 6.184270
355783.005 6.157702
355784.005 6.137988
355785.005 6.060337
355786.005 5.623888
355787.005 5.174190
355788.005 4.765138
355789.005 4.381514
355790.005 3.848258
355791.005 3.449265
355792.005 3.155574
355793.005 3.416213
355794.005 4.172642
355795.005 4.485535
355796.005 4.670461
355797.005 4.942223
355798.005 4.809217
355799.005 4.613183
355800.005 4.434012
355801.005 4.288888
355802.005 4.327059
355803.005 4.270166
355804.005 4.171839
355805.005 4.074045
355806.005 3.897758
355807.005 3.608144
355808.005 3.479035
355809.005 3.462854
355810.005 3.401644
355811.005 3.166061
355812.005 2.906195
355813.005 2.697597
355814.005 2.541544
355815.005 2.508866
355816.005 2.752862
355817.005 3.160882
355818.005 3.498862
355819.005 3.748118
355820.005 4.049112
355821.005 4.386501
355822.005 4.632338
355823.005 4.982533
355824.005 5.449063
355825.005 5.809060
355826.005 5.825899
355827.005 5.640411
355828.005 5.418570
355829.005 5.185004
355830.005 5.030678
355831.005 4.954678
355832.005 4.902710
355833.005 4.858451
355834.005 4.824374
355835.005 4.781657
355836.005 4.749580
355837.005 4.745857
355838.005 4.693520
355839.005 4.157084
355840.005 3.844335
355841.005 3.850032
355842.005 4.033114
355843.005 4.431074
355844.005 4.710814
355845.005 5.046963
355846.005 5.361649
355847.005 5.437507
355848.005 5.494696
355849.005 5.590906
355850.005 5.861199
355851.005 6.102273
355852.005 6.104916
355853.005 6.124860
355854.005 6.327521
355855.005 6.566247
355856.005 6.779824
355857.005 6.895224
355858.005 6.999680
355859.005 7.135159
355860.005 7.247513
355861.005 7.336418
355862.005 7.364796
355863.005 7.316912
355864.005 7.231830
355865.005 7.049460
355866.005 6.837263
355867.005 6.723264
355868.005 6.658112
355869.005 6.635779
355870.005 6.554086
355871.005 6.055797
355872.005 5.519045
355873.005 5.108561
355874.005 4.543523
355875.005 3.808279
355876.005 3.352818
355877.005 2.766222
355878.005 2.365889
355879.005 1.930809
355880.005 1.687187
355881.005 1.786832
355882.005 2.067210
355883.005 2.385872
355884.005 2.586964
355885.005 2.662673
355886.005 2.917968
355887.005 3.086361
355888.005 3.263539
355889.005 3.346855
355890.005 3.434893
355891.005 3.549603
355892.005 3.633877
355893.005 3.730590
355894.005 3.853930
355895.005 3.945191
355896.005 4.038753
355897.005 4.071737
355898.005 4.140962
355899.005 4.257006
355900.005 4.314238
355901.005 4.301215
355902.005 4.357797
355903.005 4.459747
355904.005 4.500707
355905.005 4.545885
355906.005 4.650517
355907.005 4.679998
355908.005 4.698509
355909.005 4.729015
355910.005 4.795420
355911.005 4.889131
355912.005 4.979946
355913.005 5.057768
355914.005 5.121139
355915.005 5.175427
355916.005 5.243365
355917.005 5.309417
355918.005 5.363628
355919.005 5.420490
355920.005 5.486122
355921.005 5.530816
355922.005 5.594843
355923.005 5.512274
355924.005 5.365514
355925.005 4.985221
355926.005 4.775992
355927.005 4.598209
355928.005 4.967784
355929.005 5.306430
355930.005 5.593953
355931.005 5.921550
355932.005 6.335983
355933.005 6.445343
355934.005 6.466089
355935.005 6.420613
355936.005 6.460065
355937.005 6.500410
355938.005 6.176599
355939.005 5.751818
355940.005 5.396118
355941.005 5.092507
355942.005 4.639264
355943.005 3.723069
355944.005 3.314419
355945.005 3.108714
355946.005 2.910549
355947.005 2.274286
355948.005 1.871498
355949.005 1.740700
355950.005 2.651622
355951.005 3.509348
355952.005 3.874974
355953.005 3.994189
355954.005 4.128219
355955.005 4.170568
355956.005 4.053313
355957.005 3.910396
355958.005 3.799992
355959.005 3.719324
355960.005 3.599427
355961.005 3.439043
355962.005 3.399146
355963.005 3.553672
355964.005 3.388298
355965.005 3.102541
355966.005 2.856234
355967.005 2.953246
355968.005 3.059609
355969.005 3.137192
355970.005 3.101314
355971.005 2.867206
355972.005 2.638002
355973.005 2.517354
355974.005 2.814062
355975.005 3.240431
355976.005 3.665042
355977.005 4.077508
355978.005 4.406648
355979.005 4.712559
355980.005 4.893508
355981.005 5.216956
355982.005 5.435555
355983.005 5.475594
355984.005 5.552061
355985.005 5.712159
355986.005 5.818942
355987.005 5.892364
355988.005 5.765725
355989.005 5.635526
355990.005 5.520957
355991.005 5.418489
355992.005 5.322562
355993.005 5.244038
355994.005 5.186295
355995.005 4.998850
355996.005 4.361130
355997.005 4.052647
355998.005 4.027430
355999.005 4.037734
356000.005 4.056326
356001.005 4.211311
356002.005 4.663182
356003.005 4.987703
356004.005 5.223475
356005.005 5.314995
356006.005 5.269062
356007.005 5.273519
356008.005 5.433697
356009.005 5.629587
356010.005 5.786395
356011.005 6.023069
356012.005 6.210161
356013.005 6.387160
356014.005 6.605299
356015.005 6.753033
356016.005 6.853944
356017.005 6.990725
356018.005 7.107939
356019.005 7.215984
356020.005 7.277609
356021.005 7.239380
356022.005 7.155831
356023.005 6.981679
356024.005 6.749471
356025.005 6.715589
356026.005 6.705559
356027.005 6.669381
356028.005 6.595561
356029.005 6.343384
356030.005 5.778646
356031.005 5.388765
356032.005 4.667104
356033.005 3.929701
356034.005 3.534363
356035.005 2.838637
356036.005 2.269842
356037.005 1.920588
356038.005 1.647522
356039.005 1.790514
356040.005 2.324302
356041.005 2.871731
356042.005 3.140422
356043.005 3.328083
356044.005 3.572567
356045.005 3.760217
356046.005 4.047124
356047.005 4.402061
356048.005 4.789542
356049.005 5.192931
356050.005 5.569330
356051.005 5.731125
356052.005 5.785613
356053.005 5.898915
356054.005 6.008717
356055.005 6.023753
356056.005 6.005412
356057.005 5.978759
356058.005 5.918019
356059.005 5.743968
356060.005 5.568195
356061.005 5.434300
356062.005 5.333238
356063.005 5.259764
356064.005 5.375560
356065.005 5.433499
356066.005 5.490296
356067.005 5.566917
356068.005 5.632888
356069.005 5.694938
356070.005 5.753463
356071.005 5.801637
356072.005 5.627297
356073.005 5.415338
356074.005 5.258837
356075.005 5.135198
356076.005 4.981829
356077.005 4.694518
356078.005 4.385118
356079.005 4.532771
356080.005 4.680528
356081.005 5.097222
356082.005 5.555424
356083.005 5.878267
356084.005 6.074145
356085.005 6.217859
356086.005 6.054039
356087.005 5.949031
356088.005 5.848837
356089.005 5.757356
356090.005 5.683323
356091.005 5.641744
356092.005 5.249028
356093.005 4.846497
356094.005 4.453768
356095.005 3.992693
356096.005 3.525672
356097.005 3.219461
356098.005 3.250742
356099.005 3.574158
356100.005 3.933414
356101.005 4.265968
356102.005 4.725004
356103.005 4.963732
356104.005 4.836235
356105.005 4.668982
356106.005 4.695278
356107.005 4.744387
356108.005 4.618719
356109.005 4.434165
356110.005 4.252701
356111.005 4.081129
356112.005 3.784685
356113.005 3.411076
356114.005 3.091741
356115.005 2.755288
356116.005 2.570281
356117.005 2.640111
356118.005 2.646218
356119.005 2.528721
356120.005 2.356616
356121.005 2.352918
356122.005 2.780053
356123.005 3.163774
356124.005 3.483316
356125.005 3.798678
356126.005 4.066851
356127.005 4.303979
356128.005 4.481643
356129.005 4.626163
356130.005 4.707157
356131.005 4.780868
356132.005 4.844952
356133.005 4.904528
356134.005 4.972764
356135.005 5.029540
356136.005 5.081366
356137.005 5.099668
356138.005 5.030623
356139.005 4.966845
356140.005 4.904564
356141.005 4.862892
356142.005 4.810124
356143.005 4.774928
356144.005 4.763963
356145.005 4.766824
356146.005 4.636667
356147.005 4.225297
356148.005 4.097226
356149.005 4.047978
356150.005 4.053489
356151.005 4.053547
356152.005 4.074148
356153.005 4.352599
356154.005 4.644355
356155.005 4.908700
356156.005 5.214278
356157.005 5.484693
356158.005 5.776655
356159.005 6.007647
356160.005 6.012112
356161.005 5.972769
356162.005 5.947714
356163.005 6.111629
356164.005 6.275760
356165.005 6.283939
356166.005 6.217424
356167.005 6.168280
356168.005 6.141947
356169.005 6.111036
356170.005 6.068171
356171.005 6.037404
356172.005 6.072349
356173.005 6.096813
356174.005 6.050141
356175.005 5.823114
356176.005 5.517913
356177.005 5.419352
356178.005 5.347038
356179.005 5.261644
356180.005 5.205019
356181.005 5.146551
356182.005 5.091227
356183.005 5.005684
356184.005 4.906617
356185.005 4.566131
356186.005 4.111333
356187.005 3.909054
356188.005 3.758526
356189.005 3.691784
356190.005 3.599825
356191.005 3.427684
356192.005 3.381038
356193.005 3.428504
356194.005 3.628945
356195.005 3.818503
356196.005 4.144922
356197.005 4.419688
356198.005 4.659421
356199.005 4.856397
356200.005 5.044222
356201.005 5.226050
356202.005 5.411598
356203.005 5.597269
356204.005 5.740495
356205.005 5.746569
356206.005 5.722009
356207.005 5.773026
356208.005 5.868209
356209.005 5.929655
356210.005 5.978093
356211.005 5.999570
356212.005 5.943755
356213.005 5.902825
356214.005 5.825112
356215.005 5.672388
356216.005 5.306894
356217.005 4.950214
356218.005 4.570826
356219.005 4.447507
356220.005 4.244952
356221.005 3.781955
356222.005 3.407666
356223.005 3.028689
356224.005 2.612029
356225.005 2.488912
356226.005 3.073874
356227.005 3.252958
356228.005 3.471373
356229.005 3.526729
356230.005 3.501967
356231.005 3.303103
356232.005 2.905662
356233.005 2.486261
356234.005 2.180296
356235.005 1.782735
356236.005 1.458164
356237.005 1.166449
356238.005 0.093226
356239.005 -0.002603
356240.005 -0.003313
356241.005 -0.007832
356242.005 -0.003047
356243.005 -0.003023
356244.005 -0.002862
356245.005 -0.002849
356246.005 -0.002816
356247.005 -0.002815
356248.005 -0.002856
356249.005 -0.002872
356250.005 -0.002882
356251.005 -0.002921
356252.005 -0.002847
356253.005 -0.002862
356254.005 -0.002844
