353650.505 -0.002402
353651.505 0.107963
353652.505 0.552646
353653.505 0.973636
353654.505 1.269145
353655.505 1.431641
353656.505 1.541968
353657.505 1.712592
353658.505 2.015551
353659.505 2.097375
353660.505 2.031633
353661.505 1.918325
353662.505 1.837963
353663.505 1.847893
353664.505 1.930400
353665.505 1.906753
353666.505 1.836319
353667.505 1.805286
353668.505 1.605147
353669.505 1.154198
353670.505 0.995457
353671.505 0.998630
353672.505 1.063878
353673.505 1.101868
353674.505 1.247378
353675.505 1.428625
353676.505 1.777281
353677.505 2.261848
353678.505 2.501401
353679.505 2.624910
353680.505 2.829875
353681.505 2.970644
353682.505 3.077694
353683.505 3.302499
353684.505 3.573971
353685.505 3.730057
353686.505 3.954290
353687.505 4.048994
353688.505 3.871896
353689.505 3.657930
353690.505 3.212630
353691.505 2.550471
353692.505 1.963514
353693.505 1.828598
353694.505 1.676850
353695.505 1.848734
353696.505 2.326475
353697.505 2.842535
353698.505 3.168394
353699.505 3.329565
353700.505 3.515623
353701.505 3.439589
353702.505 3.601055
353703.505 3.537730
353704.505 3.338713
353705.505 2.921843
353706.505 2.390688
353707.505 2.062256
353708.505 1.819748
353709.505 1.708676
353710.505 1.630624
353711.505 2.100347
353712.505 3.447938
353713.505 4.176735
353714.505 4.389222
353715.505 4.702272
353716.505 4.974832
353717.505 5.355619
353718.505 5.712865
353719.505 6.002023
353720.505 5.944660
353721.505 5.739101
353722.505 5.949450
353723.505 6.179263
353724.505 6.039259
353725.505 5.845515
353726.505 5.809734
353727.505 5.843746
353728.505 5.980910
353729.505 6.097292
353730.505 6.166064
353731.505 6.265602
353732.505 6.328621
353733.505 6.402565
353734.505 6.568060
353735.505 6.620897
353736.505 6.693667
353737.505 6.790118
353738.505 6.830238
353739.505 6.835112
353740.505 6.851929
353741.505 6.861799
353742.505 6.809863
353743.505 6.684218
353744.505 6.432822
353745.505 6.176613
353746.505 6.035864
353747.505 6.140776
353748.505 6.310497
353749.505 6.569414
353750.505 6.826195
353751.505 7.085224
353752.505 7.202201
353753.505 7.340332
353754.505 7.363618
353755.505 7.359390
353756.505 7.317832
353757.505 7.285065
353758.505 7.196379
353759.505 7.088282
353760.505 6.919372
353761.505 6.467955
353762.505 5.857869
353763.505 5.316615
353764.505 4.349208
353765.505 3.664185
353766.505 3.215651
353767.505 2.779266
353768.505 2.636170
353769.505 2.548152
353770.505 2.665130
353771.505 3.032080
353772.505 3.480636
353773.505 3.939161
353774.505 4.208750
353775.505 4.126527
353776.505 4.389773
353777.505 4.388652
353778.505 4.344129
353779.505 4.478996
353780.505 4.893386
353781.505 5.533473
353782.505 5.766984
353783.505 5.727911
353784.505 5.519482
353785.505 5.145844
353786.505 4.494844
353787.505 3.656268
353788.505 3.158085
353789.505 2.944035
353790.505 3.064838
353791.505 3.646315
353792.505 4.498129
353793.505 4.946856
353794.505 5.109018
353795.505 5.296733
353796.505 5.823514
353797.505 6.276251
353798.505 6.507373
353799.505 6.625811
353800.505 6.614559
353801.505 6.536748
353802.505 6.376167
353803.505 6.130530
353804.505 5.849762
353805.505 5.637366
353806.505 5.539011
353807.505 5.341856
353808.505 5.248327
353809.505 5.016079
353810.505 4.490572
353811.505 3.562409
353812.505 2.277298
353813.505 2.174375
353814.505 2.186560
353815.505 1.947454
353816.505 2.082542
353817.505 3.116158
353818.505 3.965018
353819.505 4.265450
353820.505 4.523713
353821.505 4.767410
353822.505 4.751834
353823.505 4.630928
353824.505 4.517292
353825.505 4.351822
353826.505 3.626831
353827.505 2.711898
353828.505 2.375978
353829.505 2.178097
353830.505 2.202915
353831.505 2.781313
353832.505 3.265552
353833.505 3.638976
353834.505 3.578441
353835.505 3.510767
353836.505 3.466851
353837.505 3.559837
353838.505 3.724354
353839.505 3.839952
353840.505 3.878673
353841.505 3.893479
353842.505 3.941343
353843.505 4.029184
353844.505 4.093871
353845.505 4.058005
353846.505 3.929488
353847.505 4.002185
353848.505 4.093068
353849.505 4.346019
353850.505 4.703519
353851.505 4.993503
353852.505 5.115674
353853.505 5.204546
353854.505 5.194792
353855.505 5.242466
353856.505 5.265384
353857.505 5.249194
353858.505 5.273626
353859.505 5.268497
353860.505 5.251658
353861.505 5.275193
353862.505 5.282107
353863.505 5.233814
353864.505 5.166392
353865.505 5.105878
353866.505 5.025532
353867.505 4.915800
353868.505 4.707973
353869.505 4.319386
353870.505 4.021382
353871.505 3.482055
353872.505 3.019128
353873.505 2.816759
353874.505 2.762746
353875.505 2.758151
353876.505 2.722461
353877.505 2.929737
353878.505 3.017747
353879.505 2.581179
353880.505 2.416186
353881.505 2.146328
353882.505 1.380229
353883.505 0.847176
353884.505 0.943207
353885.505 1.343850
353886.505 1.238008
353887.505 1.902718
353888.505 2.464079
353889.505 2.292194
353890.505 2.721583
353891.505 3.714499
353892.505 4.569816
353893.505 5.153988
353894.505 5.637290
353895.505 6.027947
353896.505 6.256432
353897.505 6.293281
353898.505 6.249055
353899.505 6.189578
353900.505 6.118224
353901.505 6.029417
353902.505 5.960693
353903.505 5.892709
353904.505 5.832122
353905.505 5.885215
353906.505 5.965409
353907.505 5.989731
353908.505 6.074191
353909.505 6.114051
353910.505 6.143155
353911.505 6.076164
353912.505 5.894721
353913.505 5.730159
353914.505 5.695802
353915.505 5.622880
353916.505 5.431573
353917.505 5.225545
353918.505 4.938081
353919.505 4.458978
353920.505 3.630856
353921.505 3.075065
353922.505 2.678724
353923.505 2.790615
353924.505 3.111278
353925.505 3.520567
353926.505 3.839046
353927.505 4.157033
353928.505 4.539314
353929.505 4.942877
353930.505 5.241084
353931.505 5.452417
353932.505 5.657096
353933.505 5.737555
353934.505 5.775591
353935.505 5.796202
353936.505 5.811732
353937.505 5.834422
353938.505 5.812827
353939.505 5.846550
353940.505 5.867879
353941.505 5.818778
353942.505 5.590010
353943.505 5.313787
353944.505 5.039452
353945.505 4.990425
353946.505 5.021558
353947.505 5.073609
353948.505 5.167585
353949.505 5.144296
353950.505 4.823950
353951.505 4.147292
353952.505 3.396445
353953.505 3.034455
353954.505 3.228411
353955.505 3.496785
353956.505 3.693302
353957.505 3.879467
353958.505 4.029208
353959.505 4.312914
353960.505 4.660272
353961.505 5.001069
353962.505 5.182950
353963.505 4.796457
353964.505 3.254326
353965.505 2.285226
353966.505 2.246361
353967.505 2.199673
353968.505 3.451881
353969.505 4.488989
353970.505 4.868406
353971.505 5.274075
353972.505 5.563377
353973.505 5.651912
353974.505 5.681070
353975.505 5.747355
353976.505 5.948884
353977.505 6.324551
353978.505 6.562156
353979.505 6.734345
353980.505 6.823146
353981.505 6.952074
353982.505 6.944378
353983.505 6.967053
353984.505 7.034987
353985.505 7.075212
353986.505 7.076631
353987.505 7.016212
353988.505 6.854719
353989.505 6.718036
353990.505 6.544702
353991.505 6.322833
353992.505 6.105945
353993.505 5.858799
353994.505 5.562074
353995.505 5.185213
353996.505 4.851216
353997.505 4.557918
353998.505 4.505952
353999.505 4.862380
354000.505 5.299200
354001.505 5.555525
354002.505 5.459660
354003.505 5.341598
354004.505 5.214680
354005.505 5.127302
354006.505 5.059014
354007.505 5.009681
354008.505 5.084210
354009.505 5.454544
354010.505 5.859590
354011.505 5.803012
354012.505 5.602257
354013.505 5.413485
354014.505 5.308621
354015.505 5.240133
354016.505 5.142672
354017.505 5.172338
354018.505 5.308443
354019.505 5.553712
354020.505 5.864344
354021.505 6.158674
354022.505 6.475217
354023.505 6.742829
354024.505 7.040472
354025.505 7.337927
354026.505 7.275537
354027.505 7.078291
354028.505 6.916862
354029.505 6.861136
354030.505 6.792252
354031.505 6.692665
354032.505 6.515938
354033.505 6.250077
354034.505 5.989450
354035.505 5.701776
354036.505 5.179297
354037.505 4.515801
354038.505 4.156881
354039.505 3.911402
354040.505 3.722115
354041.505 3.723100
354042.505 4.001227
354043.505 4.416339
354044.505 4.758454
354045.505 5.039694
354046.505 5.522411
354047.505 5.897456
354048.505 6.163822
354049.505 6.451488
354050.505 6.763863
354051.505 6.982922
354052.505 7.076681
354053.505 7.111368
354054.505 7.090063
354055.505 7.050845
354056.505 6.966050
354057.505 6.673040
354058.505 5.715026
354059.505 4.784265
354060.505 4.682887
354061.505 4.736371
354062.505 4.783273
354063.505 4.837965
354064.505 4.891739
354065.505 4.941872
354066.505 5.026561
354067.505 5.221019
354068.505 5.406709
354069.505 5.634109
354070.505 5.903906
354071.505 6.172501
354072.505 6.456315
354073.505 6.736461
354074.505 7.037854
354075.505 7.176718
354076.505 7.255825
354077.505 7.320678
354078.505 7.414455
354079.505 7.494521
354080.505 7.550801
354081.505 7.576099
354082.505 7.573024
354083.505 7.602923
354084.505 7.460431
354085.505 7.330179
354086.505 7.221007
354087.505 7.099547
354088.505 6.964809
354089.505 6.608306
354090.505 6.207468
354091.505 5.528790
354092.505 4.460507
354093.505 3.317284
354094.505 2.927074
354095.505 2.519556
354096.505 2.227895
354097.505 1.962763
354098.505 1.785613
354099.505 2.325721
354100.505 2.950647
354101.505 3.359198
354102.505 3.516611
354103.505 3.903885
354104.505 4.238419
354105.505 4.309678
354106.505 4.391588
354107.505 4.469359
354108.505 4.542148
354109.505 4.621885
354110.505 4.711511
354111.505 4.881859
354112.505 5.191046
354113.505 5.503603
354114.505 5.630046
354115.505 5.686996
354116.505 5.787589
354117.505 5.869751
354118.505 5.940873
354119.505 6.015581
354120.505 6.083884
354121.505 6.151041
354122.505 6.264481
354123.505 6.424984
354124.505 6.517153
354125.505 6.466761
354126.505 6.402047
354127.505 6.375757
354128.505 6.340656
354129.505 6.307290
354130.505 6.159085
354131.505 5.904553
354132.505 5.642587
354133.505 5.212142
354134.505 4.643535
354135.505 3.992230
354136.505 3.548996
354137.505 3.425557
354138.505 4.230023
354139.505 5.360371
354140.505 5.502147
354141.505 5.818121
354142.505 6.158299
354143.505 6.425281
354144.505 6.443484
354145.505 6.456527
354146.505 6.478008
354147.505 6.264010
354148.505 5.859721
354149.505 5.513506
354150.505 5.401244
354151.505 5.332065
354152.505 5.075494
354153.505 4.594796
354154.505 4.117766
354155.505 3.795694
354156.505 3.567233
354157.505 3.944361
354158.505 4.074522
354159.505 4.002998
354160.505 3.983702
354161.505 3.915969
354162.505 4.071749
354163.505 4.313047
354164.505 4.504626
354165.505 4.661653
354166.505 4.631131
354167.505 4.589086
354168.505 4.539190
354169.505 4.479442
354170.505 4.275320
354171.505 3.985118
354172.505 3.704253
354173.505 3.502236
354174.505 3.293298
354175.505 3.113221
354176.505 2.970943
354177.505 2.942166
354178.505 3.206387
354179.505 3.573000
354180.505 4.048495
354181.505 4.676460
354182.505 4.863558
354183.505 4.922742
354184.505 5.063804
354185.505 5.315518
354186.505 5.539103
354187.505 5.714150
354188.505 5.917736
354189.505 6.040444
354190.505 6.107420
354191.505 6.106681
354192.505 6.129604
354193.505 6.160837
354194.505 6.175375
354195.505 6.179793
354196.505 6.162435
354197.505 6.007623
354198.505 5.421150
354199.505 4.852656
354200.505 4.763889
354201.505 4.790962
354202.505 4.841179
354203.505 4.896801
354204.505 4.975868
354205.505 5.190859
354206.505 5.481065
354207.505 5.739063
354208.505 5.878054
354209.505 6.019005
354210.505 6.161046
354211.505 6.279088
354212.505 6.418977
354213.505 6.538802
354214.505 6.657586
354215.505 6.778068
354216.505 6.869378
354217.505 6.974392
354218.505 7.096437
354219.505 7.206778
354220.505 7.272068
354221.505 7.301475
354222.505 7.321007
354223.505 7.319646
354224.505 7.233134
354225.505 7.064732
354226.505 6.850345
354227.505 6.720312
354228.505 6.620364
354229.505 6.444445
354230.505 6.267282
354231.505 6.066305
354232.505 5.251769
354233.505 4.066540
354234.505 3.549877
354235.505 3.373236
354236.505 3.103820
354237.505 3.060242
354238.505 3.515960
354239.505 3.553368
354240.505 3.410918
354241.505 3.367809
354242.505 3.476109
354243.505 3.643365
354244.505 3.783686
354245.505 3.937539
354246.505 4.181860
354247.505 4.531431
354248.505 4.691190
354249.505 4.705981
354250.505 4.728612
354251.505 4.805699
354252.505 4.975542
354253.505 5.089744
354254.505 5.135691
354255.505 5.192322
354256.505 5.232039
354257.505 5.260275
354258.505 5.277794
354259.505 5.248251
354260.505 5.189498
354261.505 5.172435
354262.505 5.189332
354263.505 5.205170
354264.505 5.208135
354265.505 5.192669
354266.505 5.183596
354267.505 5.181743
354268.505 5.186063
354269.505 5.181026
354270.505 5.169646
354271.505 5.116807
354272.505 5.026129
354273.505 4.957795
354274.505 4.889201
354275.505 4.736210
354276.505 4.767947
354277.505 4.614529
354278.505 4.296202
354279.505 3.974163
354280.505 4.078274
354281.505 4.545226
354282.505 5.055260
354283.505 5.461588
354284.505 5.795220
354285.505 5.957997
354286.505 6.110961
354287.505 6.253224
354288.505 6.195308
354289.505 6.138393
354290.505 6.072173
354291.505 5.956509
354292.505 5.709436
354293.505 5.446674
354294.505 5.160732
354295.505 4.655619
354296.505 3.865982
354297.505 3.388351
354298.505 3.144671
354299.505 2.997408
354300.505 3.191863
354301.505 3.442307
354302.505 3.686762
354303.505 4.064053
354304.505 4.404057
354305.505 4.657122
354306.505 4.769768
354307.505 4.838069
354308.505 4.864297
354309.505 4.843672
354310.505 4.673571
354311.505 4.345418
354312.505 3.876269
354313.505 3.201059
354314.505 2.721850
354315.505 2.506767
354316.505 2.321384
354317.505 2.678043
354318.505 2.914210
354319.505 3.039799
354320.505 3.090480
354321.505 3.108997
354322.505 3.213677
354323.505 3.633754
354324.505 3.986226
354325.505 4.268449
354326.505 4.489499
354327.505 4.631517
354328.505 4.782488
354329.505 5.000752
354330.505 5.234717
354331.505 5.356429
354332.505 5.440162
354333.505 5.541714
354334.505 5.647143
354335.505 5.728871
354336.505 5.712327
354337.505 5.580644
354338.505 5.451234
354339.505 5.321843
354340.505 5.216326
354341.505 5.108006
354342.505 5.018566
354343.505 4.850521
354344.505 4.349494
354345.505 3.742568
354346.505 3.281523
354347.505 3.235703
354348.505 3.204114
354349.505 3.104396
354350.505 3.077506
354351.505 3.105699
354352.505 3.148478
354353.505 3.196521
354354.505 3.391252
354355.505 3.805728
354356.505 4.280629
354357.505 4.678071
354358.505 4.901224
354359.505 5.201443
354360.505 5.525475
354361.505 5.699131
354362.505 5.802651
354363.505 5.922710
354364.505 6.009402
354365.505 6.069767
354366.505 6.147812
354367.505 6.222640
354368.505 6.309274
354369.505 6.535675
354370.505 6.770949
354371.505 6.967884
354372.505 7.101563
354373.505 7.140295
354374.505 7.151056
354375.505 6.723806
354376.505 6.510578
354377.505 6.401756
354378.505 6.345917
354379.505 6.312111
354380.505 6.302765
354381.505 6.209359
354382.505 5.868459
354383.505 5.351310
354384.505 4.722033
354385.505 4.137684
354386.505 3.360189
354387.505 2.603082
354388.505 2.363921
354389.505 2.157822
354390.505 1.923441
354391.505 1.553206
354392.505 1.415424
354393.505 1.990459
354394.505 2.550567
354395.505 2.913126
354396.505 3.098574
354397.505 3.234988
354398.505 3.469895
354399.505 3.651205
354400.505 3.871545
354401.505 4.061733
354402.505 4.196910
354403.505 4.397906
354404.505 4.664184
354405.505 4.912741
354406.505 5.131467
354407.505 5.296891
354408.505 5.440146
354409.505 5.573094
354410.505 5.664578
354411.505 5.770889
354412.505 5.902931
354413.505 6.054609
354414.505 6.131871
354415.505 6.083160
354416.505 6.048737
354417.505 6.048378
354418.505 6.018766
354419.505 5.860926
354420.505 5.724579
354421.505 5.603615
354422.505 5.474329
354423.505 5.350426
354424.505 5.209255
354425.505 5.085168
354426.505 4.951738
354427.505 4.803530
354428.505 4.691183
354429.505 4.456421
354430.505 4.006770
354431.505 3.652015
354432.505 3.161612
354433.505 2.688899
354434.505 2.355767
354435.505 2.752193
354436.505 4.036594
354437.505 5.455095
354438.505 5.642055
354439.505 5.597907
354440.505 5.646358
354441.505 5.653991
354442.505 5.689254
354443.505 5.748203
354444.505 5.785333
354445.505 5.797834
354446.505 5.814847
354447.505 5.835510
354448.505 5.606661
354449.505 5.158722
354450.505 4.724448
354451.505 4.349011
354452.505 3.985239
354453.505 3.349102
354454.505 2.912157
354455.505 2.612124
354456.505 2.608913
354457.505 2.803496
354458.505 3.152052
354459.505 3.659585
354460.505 4.063206
354461.505 4.422914
354462.505 4.611055
354463.505 4.733277
354464.505 4.558010
354465.505 4.426240
354466.505 4.475599
354467.505 4.485603
354468.505 4.317562
354469.505 4.127019
354470.505 3.786887
354471.505 3.399505
354472.505 3.015211
354473.505 2.905896
354474.505 2.946706
354475.505 3.109987
354476.505 3.260172
354477.505 3.351817
354478.505 3.428710
354479.505 3.545621
354480.505 3.818198
354481.505 4.183910
354482.505 4.340936
354483.505 4.355966
354484.505 4.470962
354485.505 4.871165
354486.505 5.272554
354487.505 5.620316
354488.505 5.918961
354489.505 6.093957
354490.505 6.112559
354491.505 6.164060
354492.505 6.121172
354493.505 5.965776
354494.505 5.818964
354495.505 5.670891
354496.505 5.520472
354497.505 5.389848
354498.505 5.294244
354499.505 5.228253
354500.505 5.087703
354501.505 4.807763
354502.505 4.683567
354503.505 4.632420
354504.505 4.593702
354505.505 4.641600
354506.505 4.863835
354507.505 5.059127
354508.505 5.230101
354509.505 5.359317
354510.505 5.453862
354511.505 5.583819
354512.505 5.746116
354513.505 5.901302
354514.505 6.059721
354515.505 6.152898
354516.505 6.133748
354517.505 6.079118
354518.505 6.024631
354519.505 5.954968
354520.505 5.906954
354521.505 5.895107
354522.505 5.864750
354523.505 5.828490
354524.505 5.764135
354525.505 5.694329
354526.505 5.614279
354527.505 5.571021
354528.505 5.531172
354529.505 5.459451
354530.505 5.385600
354531.505 5.309121
354532.505 5.237490
354533.505 5.150242
354534.505 5.081885
354535.505 5.016621
354536.505 4.946457
354537.505 4.854556
354538.505 4.783754
354539.505 4.554154
354540.505 3.926643
354541.505 3.122670
354542.505 2.782406
354543.505 2.666259
354544.505 2.490816
354545.505 2.210655
354546.505 2.056263
354547.505 2.237789
354548.505 2.596233
354549.505 3.077857
354550.505 3.213521
354551.505 3.339029
354552.505 3.109029
354553.505 2.793318
354554.505 2.697493
354555.505 3.656665
354556.505 4.702337
354557.505 4.353491
354558.505 4.008749
354559.505 4.014765
354560.505 4.069525
354561.505 4.080682
354562.505 4.124594
354563.505 4.207483
354564.505 4.288503
354565.505 4.314476
354566.505 4.305633
354567.505 4.329544
354568.505 4.339595
354569.505 4.336745
354570.505 4.253106
354571.505 4.158282
354572.505 4.094229
354573.505 4.024086
354574.505 3.956013
354575.505 4.059548
354576.505 4.125841
354577.505 4.195459
354578.505 4.271748
354579.505 4.330107
354580.505 4.379604
354581.505 4.435152
354582.505 4.493081
354583.505 4.550039
354584.505 4.601024
354585.505 4.644391
354586.505 4.692647
354587.505 4.664006
354588.505 4.406479
354589.505 4.151355
354590.505 4.016436
354591.505 3.906582
354592.505 3.894891
354593.505 3.706710
354594.505 3.288868
354595.505 2.941898
354596.505 3.045177
354597.505 3.799869
354598.505 4.442615
354599.505 4.746659
354600.505 5.043076
354601.505 5.431383
354602.505 5.610667
354603.505 5.713000
354604.505 5.797756
354605.505 5.655542
354606.505 5.499858
354607.505 5.389839
354608.505 5.271381
354609.505 5.134348
354610.505 5.041380
354611.505 4.796841
354612.505 4.498592
354613.505 4.168529
354614.505 3.827023
354615.505 3.451590
354616.505 3.096386
354617.505 2.827606
354618.505 3.002383
354619.505 3.435790
354620.505 3.860992
354621.505 4.054706
354622.505 4.096464
354623.505 4.104999
354624.505 3.886396
354625.505 3.698980
354626.505 3.644240
354627.505 3.768027
354628.505 4.008727
354629.505 4.164087
354630.505 4.131515
354631.505 3.972836
354632.505 3.811165
354633.505 3.610599
354634.505 3.329477
354635.505 3.008973
354636.505 2.987268
354637.505 3.185994
354638.505 3.375659
354639.505 3.398999
354640.505 3.406486
354641.505 3.329082
354642.505 3.309642
354643.505 3.593210
354644.505 4.045572
354645.505 4.385645
354646.505 4.688348
354647.505 4.988641
354648.505 5.029524
354649.505 4.996673
354650.505 5.030364
354651.505 5.102425
354652.505 5.138507
354653.505 5.218263
354654.505 5.262465
354655.505 5.141624
354656.505 5.028818
354657.505 4.990190
354658.505 5.004284
354659.505 5.028812
354660.505 5.061122
354661.505 5.056621
354662.505 5.007842
354663.505 4.954896
354664.505 4.833178
354665.505 4.578508
354666.505 4.252739
354667.505 4.088689
354668.505 4.076960
354669.505 4.067590
354670.505 4.069440
354671.505 4.169504
354672.505 4.500355
354673.505 4.798309
354674.505 5.073512
354675.505 5.122422
354676.505 5.083638
354677.505 5.117117
354678.505 5.191882
354679.505 5.279612
354680.505 5.431792
354681.505 5.576850
354682.505 5.736412
354683.505 5.902261
354684.505 6.064646
354685.505 6.170583
354686.505 6.250662
354687.505 6.336734
354688.505 6.483087
354689.505 6.616304
354690.505 6.687428
354691.505 6.739951
354692.505 6.795561
354693.505 6.869782
354694.505 6.845800
354695.505 6.588845
354696.505 6.227897
354697.505 5.984398
354698.505 5.849987
354699.505 5.734653
354700.505 5.581663
354701.505 5.398614
354702.505 5.110224
354703.505 4.532838
354704.505 3.684675
354705.505 3.209832
354706.505 3.142021
354707.505 3.131593
354708.505 2.908027
354709.505 2.505845
354710.505 2.188391
354711.505 2.703596
354712.505 3.160214
354713.505 3.239539
354714.505 3.366927
354715.505 3.483456
354716.505 3.665158
354717.505 3.863192
354718.505 3.739575
354719.505 3.775661
354720.505 3.886623
354721.505 3.953232
354722.505 4.021021
354723.505 4.088758
354724.505 4.136638
354725.505 4.197216
354726.505 4.287973
354727.505 4.291936
354728.505 4.211409
354729.505 4.196716
354730.505 4.255783
354731.505 4.291499
354732.505 4.339269
354733.505 4.404007
354734.505 4.393977
354735.505 4.436674
354736.505 4.497546
354737.505 4.592664
354738.505 4.701932
354739.505 4.817451
354740.505 4.912553
354741.505 4.990048
354742.505 5.086641
354743.505 5.178304
354744.505 5.262484
354745.505 5.347089
354746.505 5.421927
354747.505 5.500010
354748.505 5.246856
354749.505 4.720506
354750.505 4.267703
354751.505 3.897846
354752.505 3.731028
354753.505 3.698953
354754.505 3.647647
354755.505 3.803620
354756.505 4.292931
354757.505 4.672556
354758.505 4.958474
354759.505 5.480950
354760.505 5.994044
354761.505 6.474514
354762.505 6.559519
354763.505 6.558874
354764.505 6.529949
354765.505 6.492502
354766.505 6.423873
354767.505 6.362526
354768.505 6.180696
354769.505 5.834761
354770.505 5.523131
354771.505 5.145301
354772.505 4.644528
354773.505 4.267460
354774.505 4.057436
354775.505 4.086522
354776.505 4.029297
354777.505 3.974026
354778.505 3.887418
354779.505 3.781083
354780.505 3.715914
354781.505 3.684318
354782.505 3.763183
354783.505 3.595965
354784.505 3.360907
354785.505 2.919541
354786.505 3.051307
354787.505 3.320224
354788.505 3.838857
354789.505 4.396921
354790.505 4.907834
354791.505 5.309545
354792.505 5.478962
354793.505 5.402216
354794.505 4.860396
354795.505 3.989080
354796.505 4.091336
354797.505 4.431905
354798.505 4.619662
354799.505 4.940966
354800.505 5.237860
354801.505 5.474552
354802.505 5.629228
354803.505 5.694414
354804.505 5.718438
354805.505 5.877802
354806.505 5.994173
354807.505 6.091992
354808.505 6.157106
354809.505 6.199870
354810.505 6.213483
354811.505 6.172626
354812.505 6.078867
354813.505 6.014571
354814.505 5.909416
354815.505 5.878212
354816.505 5.907463
354817.505 5.988332
354818.505 6.047561
354819.505 6.112350
354820.505 6.142899
354821.505 6.196771
354822.505 6.239717
354823.505 6.339637
354824.505 6.420250
354825.505 6.480230
354826.505 6.564892
354827.505 6.650613
354828.505 6.761685
354829.505 6.847759
354830.505 6.925357
354831.505 6.928503
354832.505 6.902807
354833.505 6.840348
354834.505 6.864926
354835.505 6.829623
354836.505 6.771324
354837.505 6.706610
354838.505 6.640021
354839.505 6.518521
354840.505 6.421015
354841.505 6.404145
354842.505 6.344397
354843.505 6.293103
354844.505 6.165051
354845.505 6.014650
354846.505 5.967787
354847.505 5.958005
354848.505 5.972071
354849.505 5.971910
354850.505 6.028015
354851.505 6.136503
354852.505 6.250434
354853.505 6.301570
354854.505 6.325925
354855.505 6.343556
354856.505 6.197303
354857.505 6.046246
354858.505 5.879217
354859.505 5.679121
354860.505 5.400490
354861.505 4.955156
354862.505 4.465181
354863.505 4.269079
354864.505 4.103154
354865.505 4.074900
354866.505 4.120715
354867.505 4.162592
354868.505 4.087127
354869.505 3.952800
354870.505 3.739483
354871.505 3.605238
354872.505 3.538342
354873.505 3.613440
354874.505 3.788930
354875.505 3.880648
354876.505 3.839942
354877.505 3.720451
354878.505 3.590364
354879.505 3.477153
354880.505 3.395468
354881.505 3.294477
354882.505 3.147081
354883.505 2.831664
354884.505 2.555627
354885.505 2.441655
354886.505 2.348354
354887.505 2.984820
354888.505 3.583532
354889.505 3.810000
354890.505 4.080243
354891.505 4.339086
354892.505 4.543878
354893.505 4.685042
354894.505 4.736600
354895.505 4.616640
354896.505 4.133593
354897.505 3.750894
354898.505 3.738653
354899.505 3.883802
354900.505 4.210341
354901.505 4.449289
354902.505 4.588879
354903.505 4.771190
354904.505 4.744762
354905.505 4.828612
354906.505 4.891383
354907.505 4.881517
354908.505 4.273621
354909.505 3.556425
354910.505 2.713389
354911.505 1.959375
354912.505 1.254890
354913.505 0.924124
354914.505 1.496005
354915.505 2.258401
354916.505 2.724703
354917.505 2.873391
354918.505 2.701539
354919.505 2.887449
354920.505 2.933094
354921.505 2.855199
354922.505 2.928339
354923.505 3.338993
354924.505 3.752052
354925.505 4.066083
354926.505 4.307408
354927.505 4.574771
354928.505 4.820466
354929.505 5.106983
354930.505 5.368538
354931.505 5.543979
354932.505 5.632043
354933.505 5.555132
354934.505 5.456426
354935.505 5.409760
354936.505 5.484154
354937.505 5.658123
354938.505 5.792046
354939.505 5.962944
354940.505 6.076550
354941.505 6.205636
354942.505 6.362448
354943.505 6.462689
354944.505 6.549576
354945.505 6.589196
354946.505 6.680527
354947.505 6.691183
354948.505 6.734188
354949.505 6.742122
354950.505 6.699812
354951.505 6.393290
354952.505 5.706911
354953.505 4.908873
354954.505 4.502334
354955.505 4.253728
354956.505 4.002066
354957.505 3.738559
354958.505 3.896450
354959.505 4.572171
354960.505 4.970736
354961.505 5.092705
354962.505 5.372342
354963.505 5.933362
354964.505 6.250038
354965.505 6.372804
354966.505 6.175588
354967.505 5.887431
354968.505 5.692711
354969.505 5.543284
354970.505 5.724392
354971.505 5.802913
354972.505 6.036345
354973.505 6.394606
354974.505 6.729187
354975.505 6.856006
354976.505 6.720335
354977.505 6.661999
354978.505 6.642705
354979.505 6.646976
354980.505 6.612133
354981.505 6.583287
354982.505 6.534339
354983.505 6.474126
354984.505 6.474345
354985.505 6.582173
354986.505 6.603875
354987.505 6.638878
354988.505 6.677662
354989.505 6.667598
354990.505 6.553061
354991.505 6.399949
354992.505 6.259621
354993.505 6.235775
354994.505 6.340813
354995.505 6.436649
354996.505 6.480006
354997.505 6.581415
354998.505 6.729667
354999.505 6.861613
355000.505 7.053171
355001.505 7.147783
355002.505 7.044281
355003.505 6.998368
355004.505 6.962627
355005.505 6.892669
355006.505 6.773071
355007.505 6.637065
355008.505 6.543370
355009.505 6.380728
355010.505 6.131930
355011.505 5.731190
355012.505 5.353624
355013.505 4.764723
355014.505 3.811717
355015.505 3.194742
355016.505 2.640546
355017.505 2.253990
355018.505 1.952599
355019.505 1.730765
355020.505 1.723861
355021.505 2.013390
355022.505 2.248627
355023.505 2.239711
355024.505 2.731329
355025.505 3.147701
355026.505 3.397652
355027.505 3.713571
355028.505 4.077465
355029.505 4.327698
355030.505 4.512037
355031.505 4.608028
355032.505 4.675115
355033.505 4.714258
355034.505 4.781395
355035.505 4.873019
355036.505 4.636531
355037.505 4.244303
355038.505 4.311212
355039.505 4.391922
355040.505 4.438670
355041.505 4.517455
355042.505 4.590918
355043.505 4.684001
355044.505 4.705643
355045.505 4.730990
355046.505 4.753242
355047.505 4.766725
355048.505 4.788057
355049.505 4.802349
355050.505 4.773881
355051.505 4.790677
355052.505 4.701855
355053.505 4.720668
355054.505 4.780441
355055.505 4.883947
355056.505 4.860696
355057.505 4.447430
355058.505 4.047480
355059.505 3.612115
355060.505 3.184715
355061.505 2.846687
355062.505 2.704136
355063.505 3.293839
355064.505 3.950656
355065.505 4.309498
355066.505 4.450021
355067.505 4.545803
355068.505 4.436666
355069.505 4.322257
355070.505 4.326508
355071.505 4.410885
355072.505 4.530666
355073.505 4.600894
355074.505 4.769672
355075.505 4.850428
355076.505 4.676394
355077.505 4.549693
355078.505 4.627936
355079.505 4.643282
355080.505 4.641782
355081.505 4.696399
355082.505 4.703542
355083.505 4.733101
355084.505 4.776157
355085.505 4.797736
355086.505 4.886746
355087.505 4.913940
355088.505 4.827524
355089.505 4.666484
355090.505 4.503382
355091.505 4.377874
355092.505 4.299016
355093.505 4.231904
355094.505 4.146185
355095.505 4.060842
355096.505 3.987460
355097.505 3.784588
355098.505 3.594370
355099.505 3.983220
355100.505 4.510795
355101.505 4.622899
355102.505 4.474516
355103.505 4.307488
355104.505 4.076600
355105.505 3.936437
355106.505 4.025612
355107.505 4.156644
355108.505 4.255591
355109.505 4.350348
355110.505 4.482607
355111.505 4.589406
355112.505 4.501237
355113.505 3.992144
355114.505 3.262001
355115.505 2.576546
355116.505 1.840177
355117.505 1.286493
355118.505 1.462699
355119.505 1.701584
355120.505 1.865225
355121.505 2.174353
355122.505 2.702961
355123.505 3.192612
355124.505 3.144327
355125.505 3.085878
355126.505 2.957259
355127.505 2.860420
355128.505 2.932786
355129.505 3.165872
355130.505 3.224493
355131.505 2.980946
355132.505 2.364718
355133.505 1.838417
355134.505 1.788171
355135.505 1.932564
355136.505 2.167707
355137.505 2.557584
355138.505 2.916014
355139.505 3.340641
355140.505 3.709361
355141.505 4.101382
355142.505 4.444868
355143.505 4.758235
355144.505 5.020466
355145.505 5.267822
355146.505 5.515924
355147.505 5.829369
355148.505 6.117795
355149.505 6.236038
355150.505 6.122270
355151.505 5.537998
355152.505 4.874915
355153.505 4.026974
355154.505 3.837032
355155.505 4.181597
355156.505 4.498826
355157.505 4.674578
355158.505 4.719910
355159.505 4.899448
355160.505 4.975043
355161.505 5.087852
355162.505 5.390300
355163.505 5.682421
355164.505 5.425516
355165.505 5.043268
355166.505 4.906888
355167.505 4.724803
355168.505 5.075713
355169.505 5.304679
355170.505 5.487247
355171.505 5.595779
355172.505 5.720211
355173.505 5.696689
355174.505 5.550765
355175.505 5.334193
355176.505 4.817092
355177.505 3.935933
355178.505 3.004038
355179.505 2.955110
355180.505 3.318218
355181.505 3.628308
355182.505 3.905505
355183.505 4.120997
355184.505 4.294922
355185.505 4.457821
355186.505 4.510675
355187.505 3.935748
355188.505 3.216013
355189.505 2.887992
355190.505 2.485904
355191.505 2.257447
355192.505 1.407614
355193.505 0.095892
355194.505 -0.002833
355195.505 -0.002992
355196.505 0.017007
355197.505 0.221782
355198.505 0.119946
355199.505 0.104404
355200.505 0.001385
355201.505 0.066862
355202.505 -0.003479
355203.505 -0.002995
355204.505 -0.002902
355205.505 0.138963
355206.505 0.582016
355207.505 0.971032
355208.505 1.205930
355209.505 1.350090
355210.505 1.613308
355211.505 2.023687
355212.505 2.375053
355213.505 2.934735
355214.505 3.226088
355215.505 3.631615
355216.505 4.040189
355217.505 4.342377
355218.505 4.564611
355219.505 4.821557
355220.505 4.934531
355221.505 5.065979
355222.505 4.988663
355223.505 4.668835
355224.505 4.139004
355225.505 3.220770
355226.505 2.718429
355227.505 2.608746
355228.505 3.154361
355229.505 3.840012
355230.505 4.394648
355231.505 4.787621
355232.505 4.850990
355233.505 4.564490
355234.505 4.388665
355235.505 4.121507
355236.505 3.993640
355237.505 3.887030
355238.505 4.121780
355239.505 4.000075
355240.505 3.365403
355241.505 2.672824
355242.505 2.892824
355243.505 3.229384
355244.505 3.634163
355245.505 4.158660
355246.505 4.658479
355247.505 5.086190
355248.505 5.459951
355249.505 5.817382
355250.505 6.086840
355251.505 6.334085
355252.505 6.475854
355253.505 6.644816
355254.505 6.675045
355255.505 6.724749
355256.505 6.734416
355257.505 6.688341
355258.505 6.591146
355259.505 6.444321
355260.505 6.403966
355261.505 6.409568
355262.505 6.469389
355263.505 6.630959
355264.505 6.831452
355265.505 7.010223
355266.505 7.030892
355267.505 6.858067
355268.505 6.607567
355269.505 6.212902
355270.505 5.805216
355271.505 5.382444
355272.505 4.899615
355273.505 4.491462
355274.505 4.467796
355275.505 4.542334
355276.505 4.386338
355277.505 4.108483
355278.505 3.897431
355279.505 3.907583
355280.505 3.980149
355281.505 4.052399
355282.505 4.054881
355283.505 4.117929
355284.505 4.065685
355285.505 4.004732
355286.505 4.175137
355287.505 4.642059
355288.505 5.222733
355289.505 5.508690
355290.505 5.561072
355291.505 5.678222
355292.505 5.822689
355293.505 5.851734
355294.505 5.715178
355295.505 5.582437
355296.505 5.408112
355297.505 5.270211
355298.505 5.111112
355299.505 4.893219
355300.505 4.707338
355301.505 4.374296
355302.505 3.934290
355303.505 3.527902
355304.505 3.179509
355305.505 2.688435
355306.505 2.029609
355307.505 1.383875
355308.505 1.530572
355309.505 2.685577
355310.505 3.010152
355311.505 3.287040
355312.505 3.683036
355313.505 3.876462
355314.505 3.902481
355315.505 3.812882
355316.505 3.847814
355317.505 4.140844
355318.505 4.990235
355319.505 5.164138
355320.505 4.919029
355321.505 4.747419
355322.505 4.596196
355323.505 4.440763
355324.505 4.314531
355325.505 3.806653
355326.505 3.630782
355327.505 3.177132
355328.505 2.902606
355329.505 3.307035
355330.505 3.694782
355331.505 3.991997
355332.505 4.273876
355333.505 4.540185
355334.505 4.783477
355335.505 4.912138
355336.505 5.016926
355337.505 5.062003
355338.505 4.653218
355339.505 4.214157
355340.505 4.231011
355341.505 4.013266
355342.505 3.514077
355343.505 3.288475
355344.505 3.622924
355345.505 4.133723
355346.505 4.497467
355347.505 4.597169
355348.505 4.620893
355349.505 4.610100
355350.505 4.155377
355351.505 3.591305
355352.505 3.010783
355353.505 2.705832
355354.505 2.690179
355355.505 3.056054
355356.505 3.542701
355357.505 3.941977
355358.505 4.132661
355359.505 4.277693
355360.505 4.404745
355361.505 4.524408
355362.505 4.673544
355363.505 4.835167
355364.505 5.018223
355365.505 4.984532
355366.505 4.939487
355367.505 4.686897
355368.505 4.280236
355369.505 4.043707
355370.505 3.881895
355371.505 3.709760
355372.505 3.437299
355373.505 3.057237
355374.505 2.681845
355375.505 2.382928
355376.505 2.571716
355377.505 3.047791
355378.505 3.457222
355379.505 3.962136
355380.505 4.353958
355381.505 4.681112
355382.505 5.056702
355383.505 5.480608
355384.505 5.773489
355385.505 5.929495
355386.505 5.968947
355387.505 6.021436
355388.505 6.063011
355389.505 6.126659
355390.505 6.159239
355391.505 6.108917
355392.505 6.096049
355393.505 6.064697
355394.505 5.977348
355395.505 5.959753
355396.505 5.963296
355397.505 5.967186
355398.505 5.989760
355399.505 5.978826
355400.505 5.948334
355401.505 5.916986
355402.505 5.682311
355403.505 5.253632
355404.505 4.609116
355405.505 4.163283
355406.505 4.282444
355407.505 4.648104
355408.505 5.053880
355409.505 5.295742
355410.505 5.500281
355411.505 5.689219
355412.505 5.841762
355413.505 5.981766
355414.505 5.824172
355415.505 5.596709
355416.505 5.421186
355417.505 5.192535
355418.505 4.828201
355419.505 4.848055
355420.505 4.950095
355421.505 5.146539
355422.505 5.506533
355423.505 5.922049
355424.505 6.086362
355425.505 6.196996
355426.505 6.267276
355427.505 6.361762
355428.505 6.306375
355429.505 6.171392
355430.505 5.964602
355431.505 5.795634
355432.505 5.619948
355433.505 5.279104
355434.505 4.811506
355435.505 4.570990
355436.505 4.634122
355437.505 4.696319
355438.505 4.981248
355439.505 5.274049
355440.505 5.467013
355441.505 5.288218
355442.505 4.986422
355443.505 4.692399
355444.505 4.151428
355445.505 3.530921
355446.505 2.951239
355447.505 2.603483
355448.505 2.552090
355449.505 2.631471
355450.505 2.923698
355451.505 3.217096
355452.505 3.595635
355453.505 4.209264
355454.505 4.628611
355455.505 5.072714
355456.505 4.595118
355457.505 4.114808
355458.505 4.364073
355459.505 4.629687
355460.505 4.805431
355461.505 4.950157
355462.505 5.103611
355463.505 5.264098
355464.505 5.477466
355465.505 5.650510
355466.505 5.728733
355467.505 5.759338
355468.505 5.720468
355469.505 5.654199
355470.505 5.831937
355471.505 5.882189
355472.505 5.871133
355473.505 5.693179
355474.505 5.248017
355475.505 5.117856
355476.505 5.251786
355477.505 5.430629
355478.505 5.752922
355479.505 6.102191
355480.505 6.533128
355481.505 6.724267
355482.505 6.882148
355483.505 6.999672
355484.505 6.895459
355485.505 6.619546
355486.505 6.481532
355487.505 6.232359
355488.505 5.855858
355489.505 5.389500
355490.505 5.078732
355491.505 4.896852
355492.505 4.775916
355493.505 4.520267
355494.505 4.139067
355495.505 3.547803
355496.505 3.189230
355497.505 2.977398
355498.505 2.911639
355499.505 3.128119
355500.505 3.166683
355501.505 3.328055
355502.505 3.298801
355503.505 3.523223
355504.505 3.752503
355505.505 3.730639
355506.505 3.613055
355507.505 3.577594
355508.505 3.821544
355509.505 4.143683
355510.505 4.390095
355511.505 4.566841
355512.505 4.715764
355513.505 4.880530
355514.505 5.044393
355515.505 5.165878
355516.505 5.145505
355517.505 5.091570
355518.505 4.999472
355519.505 4.849372
355520.505 4.650346
355521.505 4.474944
355522.505 4.560956
355523.505 4.727434
355524.505 4.784539
355525.505 4.637392
355526.505 4.664803
355527.505 4.760758
355528.505 5.077864
355529.505 5.377227
355530.505 5.638339
355531.505 5.749384
355532.505 5.894448
355533.505 6.060635
355534.505 6.119124
355535.505 6.028734
355536.505 5.724598
355537.505 5.122527
355538.505 4.707470
355539.505 4.407503
355540.505 4.187456
355541.505 4.280200
355542.505 4.311895
355543.505 3.858967
355544.505 3.320025
355545.505 2.766362
355546.505 2.283158
355547.505 2.200757
355548.505 2.254662
355549.505 2.063872
355550.505 2.552787
355551.505 2.945591
355552.505 3.324657
355553.505 3.575193
355554.505 3.840454
355555.505 4.146363
355556.505 4.438750
355557.505 4.743502
355558.505 5.240982
355559.505 5.675094
355560.505 5.815621
355561.505 5.918547
355562.505 5.934987
355563.505 5.832678
355564.505 5.712850
355565.505 5.564550
355566.505 5.456603
355567.505 5.390739
355568.505 5.308592
355569.505 5.242806
355570.505 5.148454
355571.505 5.073442
355572.505 4.947920
355573.505 4.857691
355574.505 4.821562
355575.505 4.789977
355576.505 4.797866
355577.505 4.768903
355578.505 4.769452
355579.505 4.638707
355580.505 3.782096
355581.505 3.545965
355582.505 3.624860
355583.505 3.767468
355584.505 4.092877
355585.505 4.392187
355586.505 4.698318
355587.505 4.870751
355588.505 4.960820
355589.505 4.951791
355590.505 4.540129
355591.505 3.638319
355592.505 2.935474
355593.505 2.849884
355594.505 2.749931
355595.505 3.155651
355596.505 4.277909
355597.505 4.971217
355598.505 5.416576
355599.505 5.686187
355600.505 5.698645
355601.505 5.652788
355602.505 5.727843
355603.505 5.840033
355604.505 6.088447
355605.505 6.278793
355606.505 6.058066
355607.505 5.801229
355608.505 5.574239
355609.505 5.381403
355610.505 5.248221
355611.505 5.221093
355612.505 5.245589
355613.505 5.599199
355614.505 5.923988
355615.505 5.990101
355616.505 5.956723
355617.505 6.084622
355618.505 6.358116
355619.505 6.346464
355620.505 6.269783
355621.505 6.130965
355622.505 5.955733
355623.505 5.808141
355624.505 5.652265
355625.505 5.443129
355626.505 5.301685
355627.505 5.198074
355628.505 5.012665
355629.505 4.848136
355630.505 4.779817
355631.505 4.781504
355632.505 4.771323
355633.505 4.727472
355634.505 4.700719
355635.505 4.805023
355636.505 4.897968
355637.505 4.979403
355638.505 5.214009
355639.505 5.595378
355640.505 5.891148
355641.505 6.133960
355642.505 6.509324
355643.505 6.828366
355644.505 7.018367
355645.505 7.227509
355646.505 7.412200
355647.505 7.600664
355648.505 7.740191
355649.505 7.866671
355650.505 7.875976
355651.505 7.809510
355652.505 7.666826
355653.505 7.396636
355654.505 7.093876
355655.505 6.801315
355656.505 6.543895
355657.505 6.287368
355658.505 6.014014
355659.505 5.755215
355660.505 5.517430
355661.505 5.283034
355662.505 5.057768
355663.505 4.840631
355664.505 4.630122
355665.505 4.391507
355666.505 4.160025
355667.505 4.049615
355668.505 4.238027
355669.505 4.184700
355670.505 3.538937
355671.505 2.819706
355672.505 2.565939
355673.505 2.572864
355674.505 2.993807
355675.505 3.735473
355676.505 4.443374
355677.505 5.032176
355678.505 5.560251
355679.505 5.995778
355680.505 6.321909
355681.505 6.683929
355682.505 6.756161
355683.505 6.753570
355684.505 6.766216
355685.505 6.772477
355686.505 6.675058
355687.505 6.317081
355688.505 5.494330
355689.505 4.639644
355690.505 4.270780
355691.505 4.165850
355692.505 4.170938
355693.505 4.256327
355694.505 4.420210
355695.505 4.696382
355696.505 4.959117
355697.505 5.204875
355698.505 5.498747
355699.505 5.736074
355700.505 5.855125
355701.505 5.977377
355702.505 6.095797
355703.505 6.234883
355704.505 6.368872
355705.505 6.513973
355706.505 6.668310
355707.505 6.791879
355708.505 6.899896
355709.505 7.029191
355710.505 7.146211
355711.505 7.261199
355712.505 7.335260
355713.505 7.335620
355714.505 7.331856
355715.505 7.106129
355716.505 6.862125
355717.505 6.840239
355718.505 6.782971
355719.505 6.643508
355720.505 6.542055
355721.505 6.214593
355722.505 5.648199
355723.505 5.049177
355724.505 4.344489
355725.505 3.651361
355726.505 2.991764
355727.505 2.728097
355728.505 2.594066
355729.505 2.451205
355730.505 2.118716
355731.505 2.763062
355732.505 3.021881
355733.505 2.961585
355734.505 3.042330
355735.505 3.276871
355736.505 3.567342
355737.505 3.654831
355738.505 3.798556
355739.505 3.968927
355740.505 4.070695
355741.505 4.209845
355742.505 4.378900
355743.505 4.512976
355744.505 4.639242
355745.505 4.753982
355746.505 4.898110
355747.505 5.054478
355748.505 5.163437
355749.505 5.254681
355750.505 5.347308
355751.505 5.418526
355752.505 5.493563
355753.505 5.526386
355754.505 5.526644
355755.505 5.554715
355756.505 5.623210
355757.505 5.695244
355758.505 5.746832
355759.505 5.784008
355760.505 5.833236
355761.505 5.883043
355762.505 5.927019
355763.505 5.991780
355764.505 5.974030
355765.505 5.937227
355766.505 5.674936
355767.505 5.290937
355768.505 4.783850
355769.505 4.346467
355770.505 3.893130
355771.505 3.542723
355772.505 3.650285
355773.505 4.173192
355774.505 4.508139
355775.505 4.823438
355776.505 5.128623
355777.505 5.427555
355778.505 5.688417
355779.505 5.956983
355780.505 6.158786
355781.505 6.202674
355782.505 6.176056
355783.505 6.153835
355784.505 6.131791
355785.505 5.864572
355786.505 5.396851
355787.505 4.966896
355788.505 4.581262
355789.505 4.125526
355790.505 3.625789
355791.505 3.279075
355792.505 3.170457
355793.505 3.776522
355794.505 4.403320
355795.505 4.558001
355796.505 4.853712
355797.505 4.911985
355798.505 4.700972
355799.505 4.524451
355800.505 4.350586
355801.505 4.286350
355802.505 4.329054
355803.505 4.226471
355804.505 4.113490
355805.505 4.014162
355806.505 3.758599
355807.505 3.496108
355808.505 3.470195
355809.505 3.452057
355810.505 3.292366
355811.505 3.040962
355812.505 2.791318
355813.505 2.598097
355814.505 2.500873
355815.505 2.581592
355816.505 2.957269
355817.505 3.336181
355818.505 3.647819
355819.505 3.892246
355820.505 4.220402
355821.505 4.509471
355822.505 4.798128
355823.505 5.181027
355824.505 5.664124
355825.505 5.875090
355826.505 5.741502
355827.505 5.538480
355828.505 5.302684
355829.505 5.091121
355830.505 4.988117
355831.505 4.927743
355832.505 4.874784
355833.505 4.839687
355834.505 4.799677
355835.505 4.766932
355836.505 4.742551
355837.505 4.738690
355838.505 4.533299
355839.505 3.894483
355840.505 3.853111
355841.505 3.872000
355842.505 4.264703
355843.505 4.575326
355844.505 4.859901
355845.505 5.213451
355846.505 5.434959
355847.505 5.460463
355848.505 5.528016
355849.505 5.715204
355850.505 6.026949
355851.505 6.120726
355852.505 6.090396
355853.505 6.216430
355854.505 6.451459
355855.505 6.677714
355856.505 6.845820
355857.505 6.937362
355858.505 7.056156
355859.505 7.195958
355860.505 7.301675
355861.505 7.356374
355862.505 7.351565
355863.505 7.287312
355864.505 7.156147
355865.505 6.932386
355866.505 6.782870
355867.505 6.681033
355868.505 6.637368
355869.505 6.620785
355870.505 6.384715
355871.505 5.715916
355872.505 5.362636
355873.505 4.842703
355874.505 4.053648
355875.505 3.634380
355876.505 3.015079
355877.505 2.578848
355878.505 2.142762
355879.505 1.749877
355880.505 1.707902
355881.505 1.918647
355882.505 2.237058
355883.505 2.494163
355884.505 2.642126
355885.505 2.787964
355886.505 3.040116
355887.505 3.155510
355888.505 3.319061
355889.505 3.379957
355890.505 3.493956
355891.505 3.593609
355892.505 3.678446
355893.505 3.800836
355894.505 3.900659
355895.505 3.991550
355896.505 4.067342
355897.505 4.096190
355898.505 4.197499
355899.505 4.311736
355900.505 4.309000
355901.505 4.317648
355902.505 4.410708
355903.505 4.485943
355904.505 4.510026
355905.505 4.614088
355906.505 4.660465
355907.505 4.692689
355908.505 4.702511
355909.505 4.760457
355910.505 4.846333
355911.505 4.933319
355912.505 5.017441
355913.505 5.092785
355914.505 5.145853
355915.505 5.207198
355916.505 5.275311
355917.505 5.337448
355918.505 5.389199
355919.505 5.449797
355920.505 5.505285
355921.505 5.565027
355922.505 5.587874
355923.505 5.455319
355924.505 5.156237
355925.505 4.865361
355926.505 4.634970
355927.505 4.767543
355928.505 5.143345
355929.505 5.454074
355930.505 5.754177
355931.505 6.130582
355932.505 6.439197
355933.505 6.491599
355934.505 6.427895
355935.505 6.435369
355936.505 6.479040
355937.505 6.372221
355938.505 5.955896
355939.505 5.567072
355940.505 5.239929
355941.505 4.914318
355942.505 4.187306
355943.505 3.469983
355944.505 3.224118
355945.505 3.028532
355946.505 2.654591
355947.505 2.021064
355948.505 1.736721
355949.505 2.017301
355950.505 3.300592
355951.505 3.690953
355952.505 3.929298
355953.505 4.072081
355954.505 4.178078
355955.505 4.128784
355956.505 3.979552
355957.505 3.854940
355958.505 3.754109
355959.505 3.672669
355960.505 3.521771
355961.505 3.373698
355962.505 3.539869
355963.505 3.488545
355964.505 3.265482
355965.505 2.932727
355966.505 2.881674
355967.505 3.024572
355968.505 3.096142
355969.505 3.154535
355970.505 2.995681
355971.505 2.737646
355972.505 2.524296
355973.505 2.632622
355974.505 3.019390
355975.505 3.455582
355976.505 3.874880
355977.505 4.243118
355978.505 4.568863
355979.505 4.809931
355980.505 5.037062
355981.505 5.371963
355982.505 5.450512
355983.505 5.498493
355984.505 5.644323
355985.505 5.768935
355986.505 5.877489
355987.505 5.830254
355988.505 5.697288
355989.505 5.575328
355990.505 5.467228
355991.505 5.372583
355992.505 5.283232
355993.505 5.213994
355994.505 5.135188
355995.505 4.716643
355996.505 4.138222
355997.505 4.041232
355998.505 4.027515
355999.505 4.048825
356000.505 4.079953
356001.505 4.427077
356002.505 4.852959
356003.505 5.114631
356004.505 5.290845
356005.505 5.298888
356006.505 5.246281
356007.505 5.346319
356008.505 5.532198
356009.505 5.712852
356010.505 5.896491
356011.505 6.131109
356012.505 6.297406
356013.505 6.498857
356014.505 6.691751
356015.505 6.801470
356016.505 6.915860
356017.505 7.046406
356018.505 7.169789
356019.505 7.252905
356020.505 7.269702
356021.505 7.208018
356022.505 7.082599
356023.505 6.850938
356024.505 6.731534
356025.505 6.712779
356026.505 6.690023
356027.505 6.649647
356028.505 6.490006
356029.505 6.087279
356030.505 5.563921
356031.505 5.088619
356032.505 4.264287
356033.505 3.713449
356034.505 3.260076
356035.505 2.433768
356036.505 2.111405
356037.505 1.745874
356038.505 1.674938
356039.505 2.019660
356040.505 2.632749
356041.505 3.060927
356042.505 3.216140
356043.505 3.476152
356044.505 3.653711
356045.505 3.902483
356046.505 4.220755
356047.505 4.601556
356048.505 4.975722
356049.505 5.396291
356050.505 5.671997
356051.505 5.764545
356052.505 5.835165
356053.505 5.962995
356054.505 6.035333
356055.505 6.015505
356056.505 5.987003
356057.505 5.957936
356058.505 5.841384
356059.505 5.652537
356060.505 5.490028
356061.505 5.376422
356062.505 5.288173
356063.505 5.320466
356064.505 5.408762
356065.505 5.459958
356066.505 5.530954
356067.505 5.598706
356068.505 5.668226
356069.505 5.723053
356070.505 5.772622
356071.505 5.750055
356072.505 5.507254
356073.505 5.341195
356074.505 5.181688
356075.505 5.071213
356076.505 4.857701
356077.505 4.496275
356078.505 4.436784
356079.505 4.598993
356080.505 4.864111
356081.505 5.329592
356082.505 5.750485
356083.505 5.964918
356084.505 6.199556
356085.505 6.131635
356086.505 5.997137
356087.505 5.905701
356088.505 5.798826
356089.505 5.709351
356090.505 5.703663
356091.505 5.455367
356092.505 5.043105
356093.505 4.647556
356094.505 4.242236
356095.505 3.735977
356096.505 3.351785
356097.505 3.163350
356098.505 3.406819
356099.505 3.748180
356100.505 4.082662
356101.505 4.469019
356102.505 4.871922
356103.505 4.918953
356104.505 4.762557
356105.505 4.651110
356106.505 4.741732
356107.505 4.686253
356108.505 4.525138
356109.505 4.341274
356110.505 4.172120
356111.505 3.947428
356112.505 3.596868
356113.505 3.258524
356114.505 2.887956
356115.505 2.647923
356116.505 2.594779
356117.505 2.644659
356118.505 2.607055
356119.505 2.465156
356120.505 2.274340
356121.505 2.571977
356122.505 2.977033
356123.505 3.303666
356124.505 3.669843
356125.505 3.936207
356126.505 4.195873
356127.505 4.406389
356128.505 4.544081
356129.505 4.684015
356130.505 4.744624
356131.505 4.817367
356132.505 4.864914
356133.505 4.940111
356134.505 5.004439
356135.505 5.055916
356136.505 5.100129
356137.505 5.069505
356138.505 4.996736
356139.505 4.937006
356140.505 4.881402
356141.505 4.836058
356142.505 4.791709
356143.505 4.764575
356144.505 4.779611
356145.505 4.722479
356146.505 4.465726
356147.505 4.142763
356148.505 4.070118
356149.505 4.053076
356150.505 4.052668
356151.505 4.057693
356152.505 4.191499
356153.505 4.520966
356154.505 4.764339
356155.505 5.059156
356156.505 5.349866
356157.505 5.624611
356158.505 5.916986
356159.505 6.028972
356160.505 5.996846
356161.505 5.939086
356162.505 6.015805
356163.505 6.210160
356164.505 6.300166
356165.505 6.259648
356166.505 6.189233
356167.505 6.159547
356168.505 6.122930
356169.505 6.099982
356170.505 6.039941
356171.505 6.056632
356172.505 6.078116
356173.505 6.092839
356174.505 5.964856
356175.505 5.639905
356176.505 5.467501
356177.505 5.376345
356178.505 5.299803
356179.505 5.227917
356180.505 5.174941
356181.505 5.121656
356182.505 5.049422
356183.505 4.965793
356184.505 4.802931
356185.505 4.299064
356186.505 3.991512
356187.505 3.814455
356188.505 3.715465
356189.505 3.659367
356190.505 3.509596
356191.505 3.393671
356192.505 3.396324
356193.505 3.541429
356194.505 3.708546
356195.505 3.976601
356196.505 4.300466
356197.505 4.529165
356198.505 4.763086
356199.505 4.950723
356200.505 5.140196
356201.505 5.311265
356202.505 5.502590
356203.505 5.683908
356204.505 5.756673
356205.505 5.724706
356206.505 5.740455
356207.505 5.817662
356208.505 5.906962
356209.505 5.953485
356210.505 5.997228
356211.505 5.974351
356212.505 5.924964
356213.505 5.867060
356214.505 5.785845
356215.505 5.490816
356216.505 5.132695
356217.505 4.733554
356218.505 4.502955
356219.505 4.379443
356220.505 4.027288
356221.505 3.576906
356222.505 3.226173
356223.505 2.795407
356224.505 2.496727
356225.505 2.730568
356226.505 3.208496
356227.505 3.377594
356228.505 3.497031
356229.505 3.523398
356230.505 3.434815
356231.505 3.111514
356232.505 2.661841
356233.505 2.294870
356234.505 1.916893
356235.505 1.598988
356236.505 1.346200
356237.505 0.630540
356238.505 -0.002992
356239.505 -0.003076
356240.505 -0.002851
356241.505 -0.012650
356242.505 -0.002842
356243.505 -0.002801
356244.505 -0.002863
356245.505 -0.002876
356246.505 -0.002887
356247.505 -0.002859
356248.505 -0.002947
356249.505 -0.002924
356250.505 -0.002895
356251.505 -0.002892
356252.505 -0.002921
356253.505 -0.002886
356254.505 -0.002872
